       0       0       0       0       0       0       0       0       0       0       0
       0      64      64      64      64      64      64      64      64      64      64
       0     256     256     256     256     256     256     256     256     256     256
       0     576     576     576     576     576     576     576     576     576     576
       0    1024    1024    1024    1024    1024    1024    1024    1024    1024    1024
       0    1600    1600    1600    1600    1600    1600    1600    1600    1600    1600
       0    2304    2304    2304    2304    2304    2304    2304    2304    2304    2304
       0    3136    3136    3136    3136    3136    3136    3136    3136    3136    3136
       0    4096    4096    4096    4096    4096    4096    4096    4096    4096    4096
       0    5184    5184    5184    5184    5184    5184    5184    5184    5184    5184
       0    6400    6400    6400    6400    6400    6400    6400    6400    6400    6400
       0    7744    7744    7744    7744    7744    7744    7744    7744    7744    7744
       0    9216    9216    9216    9216    9216    9216    9216    9216    9216    9216
       0 1.082e+004 1.082e+004 1.082e+004 1.082e+004 1.082e+004 1.082e+004 1.082e+004 1.082e+004 1.082e+004 1.082e+004
       0 1.254e+004 1.254e+004 1.254e+004 1.254e+004 1.254e+004 1.254e+004 1.254e+004 1.254e+004 1.254e+004 1.254e+004
       0 1.44e+004 1.44e+004 1.44e+004 1.44e+004 1.44e+004 1.44e+004 1.44e+004 1.44e+004 1.44e+004 1.44e+004
       0 1.638e+004 1.638e+004 1.638e+004 1.638e+004 1.638e+004 1.638e+004 1.638e+004 1.638e+004 1.638e+004 1.638e+004
       0 1.85e+004 1.85e+004 1.85e+004 1.85e+004 1.85e+004 1.85e+004 1.85e+004 1.85e+004 1.85e+004 1.85e+004
       0 2.074e+004 2.074e+004 2.074e+004 2.074e+004 2.074e+004 2.074e+004 2.074e+004 2.074e+004 2.074e+004 2.074e+004
       0 2.31e+004 2.31e+004 2.31e+004 2.31e+004 2.31e+004 2.31e+004 2.31e+004 2.31e+004 2.31e+004 2.31e+004
       0 2.56e+004 2.56e+004 2.56e+004 2.56e+004 2.56e+004 2.56e+004 2.56e+004 2.56e+004 2.56e+004 2.56e+004
