       0       0       0       0       0       0       0       0       0       0       0
       0  -54.17  -51.16   -49.4  -48.15  -47.18  -46.39  -45.72  -45.14  -44.63  -44.17
       0  -48.15  -45.14  -43.38  -42.13  -41.16  -40.37   -39.7  -39.12  -38.61  -38.15
       0  -44.63  -41.62  -39.86  -38.61  -37.64  -36.85  -36.18   -35.6  -35.09  -34.63
       0  -42.13  -39.12  -37.36  -36.11  -35.14  -34.35  -33.68   -33.1  -32.59  -32.13
       0  -40.19  -37.18  -35.42  -34.17   -33.2  -32.41  -31.74  -31.16  -30.65  -30.19
       0  -38.61   -35.6  -33.84  -32.59  -31.62  -30.83  -30.16  -29.58  -29.07  -28.61
       0  -37.27  -34.26   -32.5  -31.25  -30.28  -29.49  -28.82  -28.24  -27.73  -27.27
       0  -36.11   -33.1  -31.34  -30.09  -29.12  -28.33  -27.66  -27.08  -26.57  -26.11
       0  -35.09  -32.08  -30.32  -29.07   -28.1  -27.31  -26.64  -26.06  -25.55  -25.09
       0  -34.17  -31.16   -29.4  -28.15  -27.18  -26.39  -25.72  -25.14  -24.63  -24.17
       0  -33.35  -30.34  -28.57  -27.32  -26.36  -25.56  -24.89  -24.31   -23.8  -23.35
       0  -32.59  -29.58  -27.82  -26.57   -25.6  -24.81  -24.14  -23.56  -23.05  -22.59
       0  -31.89  -28.88  -27.12  -25.87   -24.9  -24.11  -23.44  -22.86  -22.35  -21.89
       0  -31.25  -28.24  -26.48  -25.23  -24.26  -23.47   -22.8  -22.22  -21.71  -21.25
       0  -30.65  -27.64  -25.88  -24.63  -23.66  -22.87   -22.2  -21.62  -21.11  -20.65
       0  -30.09  -27.08  -25.32  -24.07   -23.1  -22.31  -21.64  -21.06  -20.55  -20.09
       0  -29.56  -26.55  -24.79  -23.54  -22.57  -21.78  -21.11  -20.53  -20.02  -19.56
       0  -29.07  -26.06   -24.3  -23.05  -22.08  -21.29  -20.62  -20.04  -19.53  -19.07
       0   -28.6  -25.59  -23.83  -22.58  -21.61  -20.82  -20.15  -19.57  -19.06   -18.6
       0  -28.15  -25.14  -23.38  -22.13  -21.16  -20.37   -19.7  -19.12  -18.61  -18.15
