       0       0       0       0       0       0       0       0       0       0       0
       0 0.03737 0.08269  0.1267  0.1821  0.2299  0.2796  0.3406  0.4017  0.4591  0.5195
       0  0.1495  0.3308  0.5067  0.7285  0.9195   1.118   1.362   1.607   1.836   2.078
       0  0.3363  0.7442    1.14   1.639   2.069   2.517   3.065   3.615   4.132   4.675
       0  0.5978   1.323   2.027   2.914   3.678   4.474   5.449   6.427   7.346   8.312
       0  0.9341   2.067   3.167   4.553   5.747    6.99   8.514   10.04   11.48   12.99
       0   1.345   2.977    4.56   6.557   8.276   10.07   12.26   14.46   16.53    18.7
       0   1.831   4.052   6.206   8.924   11.26    13.7   16.69   19.68    22.5   25.45
       0   2.391   5.292   8.106   11.66   14.71    17.9    21.8   25.71   29.38   33.25
       0   3.027   6.698   10.26   14.75   18.62   22.65   27.59   32.54   37.19   42.08
       0   3.737   8.269   12.67   18.21   22.99   27.96   34.06   40.17   45.91   51.95
       0   4.521   10.01   15.33   22.04   27.82   33.83   41.21   48.61   55.55   62.86
       0   5.381   11.91   18.24   26.23    33.1   40.27   49.04   57.84   66.11   74.81
       0   6.315   13.97   21.41   30.78   38.85   47.26   57.56   67.89   77.59   87.79
       0   7.324   16.21   24.83    35.7   45.06   54.81   66.75   78.73   89.98   101.8
       0   8.407   18.61    28.5   40.98   51.72   62.91   76.63   90.38   103.3   116.9
       0   9.566   21.17   32.43   46.63   58.85   71.58   87.19   102.8   117.5     133
       0    10.8    23.9   36.61   52.64   66.44   80.81   98.43   116.1   132.7   150.1
       0   12.11   26.79   41.04   59.01   74.48    90.6   110.3   130.2   148.7   168.3
       0   13.49   29.85   45.73   65.75   82.99   100.9   122.9     145   165.7   187.5
       0   14.95   33.08   50.67   72.85   91.95   111.8   136.2   160.7   183.6   207.8
