       0       0       0       0       0       0       0       0       0       0       0
       0   62.41   58.96    57.1   55.53   54.52   53.67   52.81   52.09   51.51   50.98
       0   56.39   52.94   51.08   49.51    48.5   47.64   46.79   46.07   45.49   44.95
       0   52.86   49.41   47.56   45.98   44.97   44.12   43.27   42.55   41.97   41.43
       0   50.36   46.92   45.06   43.49   42.47   41.62   40.77   40.05   39.47   38.93
       0   48.43   44.98   43.12   41.55   40.54   39.69   38.83   38.11   37.53      37
       0   46.84   43.39   41.54   39.96   38.95    38.1   37.25   36.53   35.95   35.41
       0    45.5   42.05    40.2   38.63   37.61   36.76   35.91   35.19   34.61   34.07
       0   44.34   40.89   39.04   37.47   36.45    35.6   34.75   34.03   33.45   32.91
       0   43.32   39.87   38.02   36.44   35.43   34.58   33.72   33.01   32.43   31.89
       0   42.41   38.96    37.1   35.53   34.52   33.67   32.81   32.09   31.51   30.98
       0   41.58   38.13   36.28    34.7   33.69   32.84   31.98   31.26   30.68   30.15
       0   40.82   37.37   35.52   33.94   32.93   32.08   31.23   30.51   29.93   29.39
       0   40.13   36.68   34.83   33.25   32.24   31.39   30.53   29.81   29.23    28.7
       0   39.48   36.03   34.18    32.6   31.59   30.74   29.89   29.17   28.59   28.05
       0   38.88   35.43   33.58   32.01   30.99   30.14   29.29   28.57   27.99   27.45
       0   38.32   34.87   33.02   31.44   30.43   29.58   28.73   28.01   27.43   26.89
       0    37.8   34.35    32.5   30.92   29.91   29.06    28.2   27.48    26.9   26.37
       0    37.3   33.85      32   30.42   29.41   28.56    27.7   26.99   26.41   25.87
       0   36.83   33.38   31.53   29.95   28.94   28.09   27.23   26.52   25.94    25.4
       0   36.39   32.94   31.08   29.51    28.5   27.64   26.79   26.07   25.49   24.95
