       0       0       0       0       0       0       0       0       0       0       0
       0  -56.41  -52.96  -51.11  -49.53  -48.52  -47.67  -46.81  -46.09  -45.51  -44.98
       0  -50.39  -46.94  -45.08  -43.51   -42.5  -41.65  -40.79  -40.07  -39.49  -38.96
       0  -46.86  -43.42  -41.56  -39.99  -38.97  -38.12  -37.27  -36.55  -35.97  -35.43
       0  -44.37  -40.92  -39.06  -37.49  -36.48  -35.63  -34.77  -34.05  -33.47  -32.94
       0  -42.43  -38.98  -37.13  -35.55  -34.54  -33.69  -32.83  -32.11  -31.53     -31
       0  -40.84  -37.39  -35.54  -33.97  -32.95   -32.1  -31.25  -30.53  -29.95  -29.41
       0  -39.51  -36.06   -34.2  -32.63  -31.62  -30.76  -29.91  -29.19  -28.61  -28.07
       0  -38.35   -34.9  -33.04  -31.47  -30.46   -29.6  -28.75  -28.03  -27.45  -26.91
       0  -37.32  -33.87  -32.02  -30.44  -29.43  -28.58  -27.72  -27.01  -26.43  -25.89
       0  -36.41  -32.96  -31.11  -29.53  -28.52  -27.67  -26.81  -26.09  -25.51  -24.98
       0  -35.58  -32.13  -30.28   -28.7  -27.69  -26.84  -25.98  -25.27  -24.69  -24.15
       0  -34.82  -31.37  -29.52  -27.94  -26.93  -26.08  -25.23  -24.51  -23.93  -23.39
       0  -34.13  -30.68  -28.83  -27.25  -26.24  -25.39  -24.53  -23.81  -23.23   -22.7
       0  -33.48  -30.03  -28.18  -26.61  -25.59  -24.74  -23.89  -23.17  -22.59  -22.05
       0  -32.89  -29.44  -27.58  -26.01     -25  -24.14  -23.29  -22.57  -21.99  -21.45
       0  -32.32  -28.88  -27.02  -25.45  -24.43  -23.58  -22.73  -22.01  -21.43  -20.89
       0   -31.8  -28.35   -26.5  -24.92  -23.91  -23.06   -22.2  -21.48   -20.9  -20.37
       0   -31.3  -27.85     -26  -24.42  -23.41  -22.56   -21.7  -20.99  -20.41  -19.87
       0  -30.83  -27.38  -25.53  -23.95  -22.94  -22.09  -21.23  -20.52  -19.94   -19.4
       0  -30.39  -26.94  -25.08  -23.51   -22.5  -21.65  -20.79  -20.07  -19.49  -18.96
