       0       0       0       0       0       0       0       0       0       0       0
       0 0.02086 0.02078 0.02084 0.02079 0.02079 0.02083 0.02076 0.02082 0.02085 0.02081
       0 0.08342 0.08311 0.08336 0.08315 0.08315 0.08333 0.08305 0.08329 0.08339 0.08323
       0  0.1877   0.187  0.1876  0.1871  0.1871  0.1875  0.1869  0.1874  0.1876  0.1873
       0  0.3337  0.3324  0.3334  0.3326  0.3326  0.3333  0.3322  0.3331  0.3336  0.3329
       0  0.5214  0.5194   0.521  0.5197  0.5197  0.5208  0.5191  0.5205  0.5212  0.5202
       0  0.7508   0.748  0.7502  0.7483  0.7483    0.75  0.7474  0.7496  0.7505  0.7491
       0   1.022   1.018   1.021   1.019   1.019   1.021   1.017    1.02   1.022    1.02
       0   1.335    1.33   1.334    1.33    1.33   1.333   1.329   1.333   1.334   1.332
       0   1.689   1.683   1.688   1.684   1.684   1.688   1.682   1.687   1.689   1.685
       0   2.086   2.078   2.084   2.079   2.079   2.083   2.076   2.082   2.085   2.081
       0   2.523   2.514   2.522   2.515   2.515   2.521   2.512   2.519   2.522   2.518
       0   3.003   2.992   3.001   2.993   2.993       3    2.99   2.998   3.002   2.996
       0   3.525   3.511   3.522   3.513   3.513   3.521   3.509   3.519   3.523   3.517
       0   4.088   4.072   4.084   4.074   4.074   4.083   4.069   4.081   4.086   4.078
       0   4.692   4.675   4.689   4.677   4.677   4.688   4.671   4.685   4.691   4.682
       0   5.339   5.319   5.335   5.321   5.321   5.333   5.315    5.33   5.337   5.327
       0   6.027   6.005   6.022   6.007   6.007   6.021       6   6.017   6.025   6.014
       0   6.757   6.732   6.752   6.735   6.735    6.75   6.727   6.746   6.754   6.742
       0   7.529   7.501   7.523   7.504   7.504   7.521   7.495   7.517   7.526   7.512
       0   8.342   8.311   8.336   8.315   8.315   8.333   8.305   8.329   8.339   8.323
