       0       0       0       0       0       0       0       0       0       0       0
       0   0.467  0.4407  0.5133  0.5774   0.492  0.5365  0.5255  0.6681   0.525  0.5133
       0   0.467  0.4407  0.5133  0.5774   0.492  0.5365  0.5255  0.6681  0.5257  0.5139
       0   0.467  0.4435  0.5114  0.5774   0.492  0.5365  0.5255  0.6674  0.5257  0.5139
       0   0.467  0.4379  0.5076  0.5788  0.4897  0.5393  0.5255  0.6674  0.5237  0.5139
       0   0.467  0.4379  0.5076  0.5788  0.4897  0.5393  0.5255  0.6674  0.5237   0.515
       0   0.467  0.4379  0.5076  0.5759  0.4874  0.5393  0.5255  0.6674  0.5237   0.515
       0   0.467  0.4379  0.5057  0.5759  0.4897  0.5393  0.5231  0.6674  0.5237   0.515
       0   0.467   0.435  0.5038  0.5716  0.4897  0.5413  0.5231  0.6645  0.5237   0.515
       0   0.467   0.435  0.5038  0.5716  0.4897  0.5413  0.5181  0.6645  0.5237  0.5098
       0   0.467   0.435  0.5038  0.5702  0.4897  0.5413  0.5181  0.6652  0.5237  0.5098
       0   0.467   0.435  0.5038   0.563  0.4897  0.5413  0.5181  0.6652  0.5237  0.5098
       0   0.467   0.435  0.5057   0.563  0.4862  0.5413  0.5181  0.6652  0.5237   0.511
       0   0.467  0.4266  0.5057  0.5587  0.4828  0.5384  0.5181  0.6652  0.5237   0.504
       0   0.467  0.4209  0.5057  0.5602  0.4793  0.5384  0.5181  0.6609  0.5237  0.5012
       0   0.467  0.4209  0.5057  0.5544  0.4793  0.5384  0.5181  0.6645   0.525  0.5012
       0   0.467  0.4209  0.5057  0.5544  0.4793  0.5384  0.5181  0.6645   0.525  0.5012
       0   0.467  0.4237  0.5057  0.5501  0.4793  0.5384  0.5181  0.6631   0.525  0.5012
       0   0.467  0.4237  0.5038  0.5487  0.4793  0.5384  0.5181  0.6631  0.5212  0.4994
       0   0.467  0.4237  0.5038  0.5487  0.4793  0.5384  0.5181  0.6631  0.5212  0.4994
       0   0.467  0.4209  0.5038  0.5501  0.4793  0.5384  0.5181  0.6659  0.5225  0.4994
