       0       0       0       0       0       0       0       0       0       0       0
       0   64.94   64.95   64.94   64.95   64.95   64.94   64.96   64.95   64.94   64.95
       0   58.92   58.93   58.92   58.93   58.93   58.92   58.94   58.93   58.92   58.93
       0    55.4   55.41    55.4   55.41   55.41    55.4   55.42    55.4    55.4   55.41
       0    52.9   52.91    52.9   52.91   52.91    52.9   52.92    52.9    52.9   52.91
       0   50.96   50.98   50.96   50.97   50.97   50.96   50.98   50.97   50.96   50.97
       0   49.38   49.39   49.38   49.39   49.39   49.38    49.4   49.38   49.38   49.39
       0   48.04   48.05   48.04   48.05   48.05   48.04   48.06   48.04   48.04   48.05
       0   46.88   46.89   46.88   46.89   46.89   46.88    46.9   46.88   46.88   46.89
       0   45.85   45.87   45.86   45.87   45.87   45.86   45.87   45.86   45.86   45.86
       0   44.94   44.95   44.94   44.95   44.95   44.94   44.96   44.95   44.94   44.95
       0   44.11   44.13   44.11   44.13   44.13   44.12   44.13   44.12   44.11   44.12
       0   43.36   43.37   43.36   43.37   43.37   43.36   43.37   43.36   43.36   43.36
       0   42.66   42.68   42.66   42.67   42.67   42.66   42.68   42.67   42.66   42.67
       0   42.02   42.03   42.02   42.03   42.03   42.02   42.04   42.02   42.02   42.03
       0   41.42   41.43   41.42   41.43   41.43   41.42   41.44   41.42   41.42   41.43
       0   40.86   40.87   40.86   40.87   40.87   40.86   40.88   40.86   40.86   40.87
       0   40.33   40.35   40.33   40.34   40.34   40.33   40.35   40.34   40.33   40.34
       0   39.83   39.85   39.84   39.85   39.85   39.84   39.85   39.84   39.83   39.84
       0   39.36   39.38   39.37   39.38   39.38   39.37   39.38   39.37   39.37   39.37
       0   38.92   38.93   38.92   38.93   38.93   38.92   38.94   38.93   38.92   38.93
