       0       0       0       0       0       0       0       0       0       0       0
       0  -58.94  -58.96  -58.94  -58.95  -58.95  -58.94  -58.96  -58.95  -58.94  -58.95
       0  -52.92  -52.94  -52.92  -52.93  -52.93  -52.92  -52.94  -52.93  -52.92  -52.93
       0   -49.4  -49.41   -49.4  -49.41  -49.41   -49.4  -49.42   -49.4   -49.4  -49.41
       0   -46.9  -46.91   -46.9  -46.91  -46.91   -46.9  -46.92  -46.91   -46.9  -46.91
       0  -44.96  -44.98  -44.96  -44.97  -44.97  -44.96  -44.98  -44.97  -44.96  -44.97
       0  -43.38  -43.39  -43.38  -43.39  -43.39  -43.38   -43.4  -43.38  -43.38  -43.39
       0  -42.04  -42.05  -42.04  -42.05  -42.05  -42.04  -42.06  -42.04  -42.04  -42.05
       0  -40.88  -40.89  -40.88  -40.89  -40.89  -40.88   -40.9  -40.89  -40.88  -40.89
       0  -39.86  -39.87  -39.86  -39.87  -39.87  -39.86  -39.87  -39.86  -39.86  -39.86
       0  -38.94  -38.96  -38.94  -38.95  -38.95  -38.94  -38.96  -38.95  -38.94  -38.95
       0  -38.11  -38.13  -38.12  -38.13  -38.13  -38.12  -38.13  -38.12  -38.11  -38.12
       0  -37.36  -37.37  -37.36  -37.37  -37.37  -37.36  -37.38  -37.36  -37.36  -37.37
       0  -36.66  -36.68  -36.66  -36.68  -36.68  -36.67  -36.68  -36.67  -36.66  -36.67
       0  -36.02  -36.03  -36.02  -36.03  -36.03  -36.02  -36.04  -36.02  -36.02  -36.03
       0  -35.42  -35.43  -35.42  -35.43  -35.43  -35.42  -35.44  -35.43  -35.42  -35.43
       0  -34.86  -34.87  -34.86  -34.87  -34.87  -34.86  -34.88  -34.86  -34.86  -34.87
       0  -34.33  -34.35  -34.33  -34.35  -34.35  -34.34  -34.35  -34.34  -34.33  -34.34
       0  -33.83  -33.85  -33.84  -33.85  -33.85  -33.84  -33.85  -33.84  -33.84  -33.84
       0  -33.36  -33.38  -33.37  -33.38  -33.38  -33.37  -33.38  -33.37  -33.37  -33.37
       0  -32.92  -32.94  -32.92  -32.93  -32.93  -32.92  -32.94  -32.93  -32.92  -32.93
