       0       0       0       0       0       0       0       0       0       0       0
       0 0.07514  0.1098 0.08863  0.1142  0.1006  0.1108  0.1123   0.125  0.1156  0.1277
       0 0.01156 0.01445 0.03083 0.03613 0.03121 0.02697 0.03303  0.0354 0.03725 0.03468
       0 0.00578 0.00578 0.00578 0.008671 0.002312 0.00289 0.004129 0.00578 0.009634 0.01214
       0       0       0       0 0.001445       0       0 0.0008258 0.0007225 0.001927       0
       0       0       0       0       0       0       0       0       0       0       0
       0       0       0       0       0       0       0       0       0       0       0
       0       0       0       0       0       0       0       0       0       0       0
       0       0       0       0       0       0       0       0       0       0       0
       0       0       0       0       0       0       0       0       0       0       0
       0       0       0       0       0       0       0       0       0       0       0
       0       0       0       0       0       0       0       0       0       0       0
       0       0       0       0       0       0       0       0       0       0       0
       0       0       0       0       0       0       0       0       0       0       0
       0       0       0       0       0       0       0       0       0       0       0
       0       0       0       0       0       0       0       0       0       0       0
       0       0       0       0       0       0       0       0       0       0       0
       0       0       0       0       0       0       0       0       0       0       0
       0       0       0       0       0       0       0       0       0       0       0
       0       0       0       0       0       0       0       0       0       0       0
       0       0       0       0       0       0       0       0       0       0       0
