       0       0       0       0       0       0       0       0       0       0       0
       0  0.0625  0.1255  0.1854  0.2503  0.3145  0.3783   0.438   0.492  0.5642  0.6264
       0    0.25  0.5019  0.7418   1.001   1.258   1.513   1.752   1.968   2.257   2.506
       0  0.5625   1.129   1.669   2.253   2.831   3.405   3.942   4.428   5.078   5.638
       0       1   2.007   2.967   4.005   5.032   6.053   7.009   7.872   9.027   10.02
       0   1.563   3.137   4.636   6.258   7.863   9.458   10.95    12.3   14.11   15.66
       0    2.25   4.517   6.676   9.012   11.32   13.62   15.77   17.71   20.31   22.55
       0   3.063   6.148   9.087   12.27   15.41   18.54   21.46   24.11   27.65    30.7
       0       4    8.03   11.87   16.02   20.13   24.21   28.04   31.49   36.11   40.09
       0   5.063   10.16   15.02   20.28   25.48   30.64   35.48   39.85    45.7   50.74
       0    6.25   12.55   18.54   25.03   31.45   37.83    43.8    49.2   56.42   62.64
       0   7.563   15.18   22.44   30.29   38.06   45.78      53   59.53   68.27    75.8
       0       9   18.07    26.7   36.05   45.29   54.48   63.08   70.85   81.25   90.21
       0   10.56    21.2   31.34   42.31   53.15   63.93   74.03   83.14   95.35   105.9
       0   12.25   24.59   36.35   49.07   61.65   74.15   85.86   96.43   110.6   122.8
       0   14.06   28.23   41.73   56.33   70.77   85.12   98.56   110.7   126.9   140.9
       0      16   32.12   47.47   64.09   80.52   96.85   112.1   125.9   144.4   160.4
       0   18.06   36.26   53.59   72.35    90.9   109.3   126.6   142.2   163.1     181
       0   20.25   40.65   60.08   81.11   101.9   122.6   141.9   159.4   182.8     203
       0   22.56   45.29   66.95   90.37   113.5   136.6   158.1   177.6   203.7   226.1
       0      25   50.19   74.18   100.1   125.8   151.3   175.2   196.8   225.7   250.6
