       0       0       0       0       0       0       0       0       0       0       0
       0   60.17   57.15   55.45   54.15   53.15   52.35   51.72   51.21   50.62   50.16
       0   54.15   51.13   49.43   48.12   47.13   46.33   45.69   45.19    44.6   44.14
       0   50.63    47.6   45.91    44.6   43.61   42.81   42.17   41.67   41.07   40.62
       0   48.13    45.1   43.41    42.1   41.11   40.31   39.67   39.17   38.58   38.12
       0   46.19   43.17   41.47   40.17   39.17   38.37   37.74   37.23   36.64   36.18
       0   44.61   41.58   39.89   38.58   37.59   36.79   36.15   35.65   35.05    34.6
       0   43.27   40.24   38.55   37.24   36.25   35.45   34.81   34.31   33.71   33.26
       0   42.11   39.08   37.39   36.08   35.09   34.29   33.65   33.15   32.55    32.1
       0   41.09   38.06   36.36   35.06   34.07   33.27   32.63   32.13   31.53   31.08
       0   40.17   37.15   35.45   34.15   33.15   32.35   31.72   31.21   30.62   30.16
       0   39.34   36.32   34.62   33.32   32.33   31.52   30.89   30.38   29.79   29.33
       0   38.59   35.56   33.87   32.56   31.57   30.77   30.13   29.63   29.03   28.58
       0   37.89   34.87   33.17   31.87   30.88   30.07   29.44   28.93   28.34   27.88
       0   37.25   34.22   32.53   31.22   30.23   29.43   28.79   28.29   27.69   27.24
       0   36.65   33.62   31.93   30.62   29.63   28.83   28.19   27.69   27.09   26.64
       0   36.09   33.06   31.37   30.06   29.07   28.27   27.63   27.13   26.53   26.08
       0   35.56   32.54   30.84   29.54   28.55   27.74   27.11    26.6   26.01   25.55
       0   35.07   32.04   30.34   29.04   28.05   27.25   26.61   26.11   25.51   25.06
       0    34.6   31.57   29.87   28.57   27.58   26.78   26.14   25.64   25.04   24.59
       0   34.15   31.13   29.43   28.12   27.13   26.33   25.69   25.19    24.6   24.14
