       0       0       0       0       0       0       0       0       0       0       0
       0  -54.17  -51.15  -49.45  -48.15  -47.16  -46.35  -45.72  -45.21  -44.62  -44.16
       0  -48.15  -45.13  -43.43  -42.13  -41.13  -40.33   -39.7  -39.19   -38.6  -38.14
       0  -44.63   -41.6  -39.91   -38.6  -37.61  -36.81  -36.17  -35.67  -35.08  -34.62
       0  -42.13  -39.11  -37.41  -36.11  -35.11  -34.31  -33.68  -33.17  -32.58  -32.12
       0  -40.19  -37.17  -35.47  -34.17  -33.18  -32.37  -31.74  -31.23  -30.64  -30.18
       0  -38.61  -35.58  -33.89  -32.58  -31.59  -30.79  -30.15  -29.65  -29.05   -28.6
       0  -37.27  -34.24  -32.55  -31.24  -30.25  -29.45  -28.81  -28.31  -27.72  -27.26
       0  -36.11  -33.09  -31.39  -30.08  -29.09  -28.29  -27.65  -27.15  -26.56   -26.1
       0  -35.09  -32.06  -30.36  -29.06  -28.07  -27.27  -26.63  -26.13  -25.53  -25.08
       0  -34.17  -31.15  -29.45  -28.15  -27.16  -26.35  -25.72  -25.21  -24.62  -24.16
       0  -33.35  -30.32  -28.62  -27.32  -26.33  -25.53  -24.89  -24.38  -23.79  -23.34
       0  -32.59  -29.56  -27.87  -26.56  -25.57  -24.77  -24.13  -23.63  -23.03  -22.58
       0  -31.89  -28.87  -27.17  -25.87  -24.88  -24.07  -23.44  -22.93  -22.34  -21.88
       0  -31.25  -28.22  -26.53  -25.22  -24.23  -23.43  -22.79  -22.29   -21.7  -21.24
       0  -30.65  -27.63  -25.93  -24.62  -23.63  -22.83  -22.19  -21.69   -21.1  -20.64
       0  -30.09  -27.06  -25.37  -24.06  -23.07  -22.27  -21.63  -21.13  -20.54  -20.08
       0  -29.56  -26.54  -24.84  -23.54  -22.55  -21.74  -21.11   -20.6  -20.01  -19.55
       0  -29.07  -26.04  -24.34  -23.04  -22.05  -21.25  -20.61  -20.11  -19.51  -19.06
       0   -28.6  -25.57  -23.87  -22.57  -21.58  -20.78  -20.14  -19.64  -19.04  -18.59
       0  -28.15  -25.13  -23.43  -22.13  -21.13  -20.33   -19.7  -19.19   -18.6  -18.14
