       0       0       0       0       0       0       0       0       0       0       0
       0  0.4624   0.422  0.4297  0.5014  0.4555  0.5385  0.4715  0.5238  0.4637  0.4867
       0  0.4624   0.422  0.4297  0.5014  0.4555  0.5385  0.4715  0.5238  0.4624  0.4861
       0  0.4624   0.422  0.4297  0.5014  0.4555  0.5385  0.4715  0.5238  0.4599  0.4855
       0  0.4624   0.422  0.4297  0.5014  0.4555  0.5385  0.4715  0.5238  0.4599   0.485
       0  0.4624   0.422  0.4297  0.5014  0.4555  0.5385  0.4715  0.5238  0.4566  0.4827
       0  0.4624   0.422  0.4297  0.5014  0.4555  0.5385  0.4715  0.5238  0.4534  0.4792
       0  0.4624   0.422  0.4297  0.5014  0.4555  0.5385  0.4715  0.5238  0.4515  0.4711
       0  0.4624   0.422  0.4297  0.5014  0.4555  0.5385  0.4715  0.5238  0.4387  0.4584
       0  0.4624   0.422  0.4297  0.5014  0.4555  0.5385  0.4715  0.5238  0.4271  0.4422
       0  0.4624   0.422  0.4297  0.5014  0.4555  0.5376  0.4699  0.5238  0.4213  0.4335
       0  0.4624   0.422  0.4297  0.5014  0.4555  0.5347  0.4657  0.5224  0.4175  0.4214
       0  0.4624   0.422  0.4297  0.5014  0.4555  0.5289  0.4591  0.5173  0.4136  0.4092
       0  0.4624   0.422  0.4297  0.5014  0.4555  0.5212  0.4517  0.5137  0.4078  0.3965
       0  0.4624   0.422  0.4297  0.5014  0.4555  0.5116  0.4393     0.5   0.404  0.3873
       0  0.4624   0.422  0.4297  0.5014  0.4555  0.4913  0.4302  0.4827  0.3943  0.3699
       0  0.4624   0.422  0.4297  0.5014  0.4555  0.4663  0.4203  0.4747   0.386  0.3584
       0  0.4624   0.422  0.4297     0.5  0.4543  0.4566  0.4079  0.4595  0.3751  0.3514
       0  0.4624   0.422  0.4277  0.4957  0.4532  0.4441  0.3947  0.4451  0.3674  0.3422
       0  0.4624   0.422  0.4258  0.4928  0.4486  0.4306   0.384  0.4364  0.3558  0.3237
       0  0.4624   0.422  0.4258  0.4884  0.4439   0.421  0.3708  0.4227  0.3423  0.3058
