       0       0       0       0       0       0       0       0       0       0       0
       0 0.02077  0.0415 0.06281 0.08335  0.1029  0.1227  0.1446   0.158  0.1831  0.2041
       0 0.08309   0.166  0.2512  0.3334  0.4116  0.4906  0.5783  0.6319  0.7323  0.8164
       0  0.1869  0.3735  0.5653  0.7501   0.926   1.104   1.301   1.422   1.648   1.837
       0  0.3323  0.6641   1.005   1.334   1.646   1.962   2.313   2.528   2.929   3.265
       0  0.5193   1.038    1.57   2.084   2.572   3.066   3.614    3.95   4.577   5.102
       0  0.7478   1.494   2.261       3   3.704   4.416   5.205   5.687   6.591   7.347
       0   1.018   2.034   3.078   4.084   5.042    6.01   7.084   7.741   8.971      10
       0   1.329   2.656    4.02   5.334   6.585    7.85   9.253   10.11   11.72   13.06
       0   1.682   3.362   5.088   6.751   8.334   9.935   11.71    12.8   14.83   16.53
       0   2.077    4.15   6.281   8.335   10.29   12.27   14.46    15.8   18.31   20.41
       0   2.513   5.022     7.6   10.08   12.45   14.84   17.49   19.12   22.15    24.7
       0   2.991   5.977   9.045      12   14.82   17.66   20.82   22.75   26.36   29.39
       0    3.51   7.014   10.62   14.09   17.39   20.73   24.43    26.7   30.94   34.49
       0   4.071   8.135   12.31   16.34   20.17   24.04   28.34   30.96   35.89      40
       0   4.674   9.338   14.13   18.75   23.15    27.6   32.53   35.55   41.19   45.92
       0   5.317   10.63   16.08   21.34   26.34    31.4   37.01   40.44   46.87   52.25
       0   6.003   11.99   18.15   24.09   29.74   35.45   41.78   45.66   52.91   58.98
       0    6.73   13.45   20.35      27   33.34   39.74   46.84   51.19   59.32   66.13
       0   7.498   14.98   22.67   30.09   37.14   44.28   52.19   57.03   66.09   73.68
       0   8.309    16.6   25.12   33.34   41.16   49.06   57.83   63.19   73.23   81.64
