       0       0       0       0       0       0       0       0       0       0       0
       0   64.96   61.95   60.15   58.92   58.01   57.24   56.53   56.14    55.5   55.03
       0   58.94   55.93   54.13    52.9   51.99   51.22   50.51   50.12   49.48   49.01
       0   55.41   52.41   50.61   49.38   48.46    47.7   46.99    46.6   45.96   45.49
       0   52.91   49.91   48.11   46.88   45.97    45.2   44.49    44.1   43.46   42.99
       0   50.98   47.97   46.17   44.94   44.03   43.26   42.55   42.17   41.52   41.05
       0   49.39   46.39   44.59   43.36   42.44   41.68   40.97   40.58   39.94   39.47
       0   48.05   45.05   43.25   42.02   41.11   40.34   39.63   39.24    38.6   38.13
       0   46.89   43.89   42.09   40.86   39.95   39.18   38.47   38.08   37.44   36.97
       0   45.87   42.87   41.07   39.84   38.92   38.16   37.45   37.06   36.42   35.95
       0   44.96   41.95   40.15   38.92   38.01   37.24   36.53   36.14    35.5   35.03
       0   44.13   41.12   39.32   38.09   37.18   36.42    35.7   35.32   34.68    34.2
       0   43.37   40.37   38.57   37.34   36.42   35.66   34.95   34.56   33.92   33.45
       0   42.68   39.67   37.87   36.64   35.73   34.97   34.25   33.87   33.23   32.75
       0   42.03   39.03   37.23      36   35.08   34.32   33.61   33.22   32.58   32.11
       0   41.43   38.43   36.63    35.4   34.49   33.72   33.01   32.62   31.98   31.51
       0   40.87   37.87   36.07   34.84   33.92   33.16   32.45   32.06   31.42   30.95
       0   40.35   37.34   35.54   34.31    33.4   32.63   31.92   31.54    30.9   30.42
       0   39.85   36.84   35.04   33.82    32.9   32.14   31.42   31.04    30.4   29.93
       0   39.38   36.37   34.58   33.35   32.43   31.67   30.95   30.57   29.93   29.46
       0   38.94   35.93   34.13    32.9   31.99   31.22   30.51   30.12   29.48   29.01
