       0       0       0       0       0       0       0       0       0       0       0
       0  -58.96  -55.95  -54.15  -52.92  -52.01  -51.25  -50.53  -50.15  -49.51  -49.03
       0  -52.94  -49.93  -48.13   -46.9  -45.99  -45.22  -44.51  -44.13  -43.48  -43.01
       0  -49.41  -46.41  -44.61  -43.38  -42.47   -41.7  -40.99   -40.6  -39.96  -39.49
       0  -46.92  -43.91  -42.11  -40.88  -39.97   -39.2  -38.49   -38.1  -37.46  -36.99
       0  -44.98  -41.97  -40.17  -38.94  -38.03  -37.27  -36.55  -36.17  -35.53  -35.05
       0  -43.39  -40.39  -38.59  -37.36  -36.45  -35.68  -34.97  -34.58  -33.94  -33.47
       0  -42.06  -39.05  -37.25  -36.02  -35.11  -34.34  -33.63  -33.24   -32.6  -32.13
       0   -40.9  -37.89  -36.09  -34.86  -33.95  -33.18  -32.47  -32.08  -31.44  -30.97
       0  -39.87  -36.87  -35.07  -33.84  -32.92  -32.16  -31.45  -31.06  -30.42  -29.95
       0  -38.96  -35.95  -34.15  -32.92  -32.01  -31.25  -30.53  -30.15  -29.51  -29.03
       0  -38.13  -35.12  -33.32   -32.1  -31.18  -30.42   -29.7  -29.32  -28.68  -28.21
       0  -37.37  -34.37  -32.57  -31.34  -30.42  -29.66  -28.95  -28.56  -27.92  -27.45
       0  -36.68  -33.67  -31.87  -30.64  -29.73  -28.97  -28.25  -27.87  -27.23  -26.75
       0  -36.03  -33.03  -31.23     -30  -29.09  -28.32  -27.61  -27.22  -26.58  -26.11
       0  -35.44  -32.43  -30.63   -29.4  -28.49  -27.72  -27.01  -26.62  -25.98  -25.51
       0  -34.87  -31.87  -30.07  -28.84  -27.93  -27.16  -26.45  -26.06  -25.42  -24.95
       0  -34.35  -31.34  -29.54  -28.31   -27.4  -26.64  -25.92  -25.54   -24.9  -24.42
       0  -33.85  -30.85  -29.05  -27.82   -26.9  -26.14  -25.43  -25.04   -24.4  -23.93
       0  -33.38  -30.38  -28.58  -27.35  -26.43  -25.67  -24.96  -24.57  -23.93  -23.46
       0  -32.94  -29.93  -28.13   -26.9  -25.99  -25.22  -24.51  -24.13  -23.48  -23.01
