       0       0       0       0       0       0       0       0       0       0       0
       0     0.5  0.5282  0.5019  0.5072  0.4759  0.4559  0.4918  0.4538  0.4968  0.4827
       0  0.4011  0.4237   0.443   0.447  0.3897  0.3772  0.3995  0.3795  0.3851  0.4127
       0  0.2473  0.2429  0.2567  0.2521  0.2333   0.239  0.2298   0.267  0.2279  0.2434
       0  0.1099   0.113  0.1255  0.1117 0.08736  0.1228  0.1021  0.1342  0.1072  0.1208
       0 0.04945 0.04237 0.04943 0.05587 0.01724  0.0499 0.03707 0.06421 0.05135 0.06879
       0 0.02198 0.01412 0.01331 0.02722 0.009195 0.02399 0.01236 0.01732 0.01926 0.03179
       0       0 0.01695 0.001901 0.007163 0.001149 0.01056 0.004942 0.002886       0 0.008671
       0       0       0       0       0       0       0       0       0       0       0
       0       0       0       0       0       0       0       0       0       0       0
       0       0       0       0       0       0       0       0       0       0       0
       0       0       0       0       0       0       0       0       0       0       0
       0       0       0       0       0       0       0       0       0       0       0
       0       0       0       0       0       0       0       0       0       0       0
       0       0       0       0       0       0       0       0       0       0       0
       0       0       0       0       0       0       0       0       0       0       0
       0       0       0       0       0       0       0       0       0       0       0
       0       0       0       0       0       0       0       0       0       0       0
       0       0       0       0       0       0       0       0       0       0       0
       0       0       0       0       0       0       0       0       0       0       0
       0       0       0       0       0       0       0       0       0       0       0
