       0       0       0       0       0       0       0       0       0       0       0
       0  0.0625  0.0625  0.0625  0.0625  0.0625  0.0625  0.0625  0.0625  0.0625  0.0625
       0    0.25    0.25    0.25    0.25    0.25    0.25    0.25    0.25    0.25    0.25
       0  0.5625  0.5625  0.5625  0.5625  0.5625  0.5625  0.5625  0.5625  0.5625  0.5625
       0       1       1       1       1       1       1       1       1       1       1
       0   1.563   1.563   1.563   1.563   1.563   1.563   1.563   1.563   1.563   1.563
       0    2.25    2.25    2.25    2.25    2.25    2.25    2.25    2.25    2.25    2.25
       0   3.063   3.063   3.063   3.063   3.063   3.063   3.063   3.063   3.063   3.063
       0       4       4       4       4       4       4       4       4       4       4
       0   5.063   5.063   5.063   5.063   5.063   5.063   5.063   5.063   5.063   5.063
       0    6.25    6.25    6.25    6.25    6.25    6.25    6.25    6.25    6.25    6.25
       0   7.563   7.563   7.563   7.563   7.563   7.563   7.563   7.563   7.563   7.563
       0       9       9       9       9       9       9       9       9       9       9
       0   10.56   10.56   10.56   10.56   10.56   10.56   10.56   10.56   10.56   10.56
       0   12.25   12.25   12.25   12.25   12.25   12.25   12.25   12.25   12.25   12.25
       0   14.06   14.06   14.06   14.06   14.06   14.06   14.06   14.06   14.06   14.06
       0      16      16      16      16      16      16      16      16      16      16
       0   18.06   18.06   18.06   18.06   18.06   18.06   18.06   18.06   18.06   18.06
       0   20.25   20.25   20.25   20.25   20.25   20.25   20.25   20.25   20.25   20.25
       0   22.56   22.56   22.56   22.56   22.56   22.56   22.56   22.56   22.56   22.56
       0      25      25      25      25      25      25      25      25      25      25
