       0       0       0       0       0       0       0       0       0       0       0
       0   60.17   60.17   60.17   60.17   60.17   60.17   60.17   60.17   60.17   60.17
       0   54.15   54.15   54.15   54.15   54.15   54.15   54.15   54.15   54.15   54.15
       0   50.63   50.63   50.63   50.63   50.63   50.63   50.63   50.63   50.63   50.63
       0   48.13   48.13   48.13   48.13   48.13   48.13   48.13   48.13   48.13   48.13
       0   46.19   46.19   46.19   46.19   46.19   46.19   46.19   46.19   46.19   46.19
       0   44.61   44.61   44.61   44.61   44.61   44.61   44.61   44.61   44.61   44.61
       0   43.27   43.27   43.27   43.27   43.27   43.27   43.27   43.27   43.27   43.27
       0   42.11   42.11   42.11   42.11   42.11   42.11   42.11   42.11   42.11   42.11
       0   41.09   41.09   41.09   41.09   41.09   41.09   41.09   41.09   41.09   41.09
       0   40.17   40.17   40.17   40.17   40.17   40.17   40.17   40.17   40.17   40.17
       0   39.34   39.34   39.34   39.34   39.34   39.34   39.34   39.34   39.34   39.34
       0   38.59   38.59   38.59   38.59   38.59   38.59   38.59   38.59   38.59   38.59
       0   37.89   37.89   37.89   37.89   37.89   37.89   37.89   37.89   37.89   37.89
       0   37.25   37.25   37.25   37.25   37.25   37.25   37.25   37.25   37.25   37.25
       0   36.65   36.65   36.65   36.65   36.65   36.65   36.65   36.65   36.65   36.65
       0   36.09   36.09   36.09   36.09   36.09   36.09   36.09   36.09   36.09   36.09
       0   35.56   35.56   35.56   35.56   35.56   35.56   35.56   35.56   35.56   35.56
       0   35.07   35.07   35.07   35.07   35.07   35.07   35.07   35.07   35.07   35.07
       0    34.6    34.6    34.6    34.6    34.6    34.6    34.6    34.6    34.6    34.6
       0   34.15   34.15   34.15   34.15   34.15   34.15   34.15   34.15   34.15   34.15
