       0       0       0       0       0       0       0       0       0       0       0
       0  0.5385  0.5763  0.5665  0.5659  0.5736  0.5758  0.5807   0.583  0.5738   0.578
       0  0.5385  0.5763  0.5665  0.5659  0.5736  0.5758  0.5807   0.583  0.5738   0.578
       0  0.5385  0.5763  0.5665  0.5659  0.5736  0.5758  0.5807   0.583  0.5738   0.578
       0  0.5385  0.5763  0.5665  0.5659  0.5736  0.5758  0.5807   0.583  0.5738   0.578
       0  0.5385  0.5763  0.5665  0.5659  0.5736  0.5758  0.5807   0.583  0.5738   0.578
       0  0.5385  0.5763  0.5665  0.5659  0.5736  0.5758  0.5807   0.583  0.5738   0.578
       0  0.5385  0.5763  0.5665  0.5659  0.5736  0.5758  0.5807   0.583  0.5738   0.578
       0  0.5385  0.5763  0.5665  0.5659  0.5736  0.5758  0.5807   0.583  0.5738   0.578
       0  0.5385  0.5763  0.5665  0.5659  0.5736  0.5758  0.5807   0.583  0.5738   0.578
       0  0.5385  0.5763  0.5665  0.5659  0.5736  0.5758  0.5807   0.583  0.5738   0.578
       0  0.5385  0.5763  0.5665  0.5659  0.5736  0.5758  0.5807   0.583  0.5738   0.578
       0  0.5385  0.5763  0.5665  0.5659  0.5736  0.5758  0.5807   0.583  0.5738   0.578
       0  0.5385  0.5763  0.5665  0.5659  0.5736  0.5758  0.5807   0.583  0.5738   0.578
       0  0.5385  0.5763  0.5665  0.5659  0.5736  0.5758  0.5807   0.583  0.5738   0.578
       0  0.5385  0.5763  0.5665  0.5659  0.5736  0.5758  0.5807   0.583  0.5738   0.578
       0  0.5385  0.5763  0.5665  0.5659  0.5736  0.5758  0.5807   0.583  0.5738   0.578
       0  0.5385  0.5763  0.5665  0.5659  0.5736  0.5758  0.5807   0.583  0.5738   0.578
       0  0.5385  0.5763  0.5665  0.5659  0.5736  0.5758  0.5807   0.583  0.5738   0.578
       0  0.5385  0.5763  0.5665  0.5659  0.5736  0.5758  0.5807   0.583  0.5738   0.578
       0  0.5385  0.5763  0.5665  0.5659  0.5736  0.5758  0.5807   0.583  0.5738   0.578
