       0       0       0       0       0       0       0       0       0       0       0
       0  -54.17  -54.17  -54.17  -54.17  -54.17  -54.17  -54.17  -54.17  -54.17  -54.17
       0  -48.15  -48.15  -48.15  -48.15  -48.15  -48.15  -48.15  -48.15  -48.15  -48.15
       0  -44.63  -44.63  -44.63  -44.63  -44.63  -44.63  -44.63  -44.63  -44.63  -44.63
       0  -42.13  -42.13  -42.13  -42.13  -42.13  -42.13  -42.13  -42.13  -42.13  -42.13
       0  -40.19  -40.19  -40.19  -40.19  -40.19  -40.19  -40.19  -40.19  -40.19  -40.19
       0  -38.61  -38.61  -38.61  -38.61  -38.61  -38.61  -38.61  -38.61  -38.61  -38.61
       0  -37.27  -37.27  -37.27  -37.27  -37.27  -37.27  -37.27  -37.27  -37.27  -37.27
       0  -36.11  -36.11  -36.11  -36.11  -36.11  -36.11  -36.11  -36.11  -36.11  -36.11
       0  -35.09  -35.09  -35.09  -35.09  -35.09  -35.09  -35.09  -35.09  -35.09  -35.09
       0  -34.17  -34.17  -34.17  -34.17  -34.17  -34.17  -34.17  -34.17  -34.17  -34.17
       0  -33.35  -33.35  -33.35  -33.35  -33.35  -33.35  -33.35  -33.35  -33.35  -33.35
       0  -32.59  -32.59  -32.59  -32.59  -32.59  -32.59  -32.59  -32.59  -32.59  -32.59
       0  -31.89  -31.89  -31.89  -31.89  -31.89  -31.89  -31.89  -31.89  -31.89  -31.89
       0  -31.25  -31.25  -31.25  -31.25  -31.25  -31.25  -31.25  -31.25  -31.25  -31.25
       0  -30.65  -30.65  -30.65  -30.65  -30.65  -30.65  -30.65  -30.65  -30.65  -30.65
       0  -30.09  -30.09  -30.09  -30.09  -30.09  -30.09  -30.09  -30.09  -30.09  -30.09
       0  -29.56  -29.56  -29.56  -29.56  -29.56  -29.56  -29.56  -29.56  -29.56  -29.56
       0  -29.07  -29.07  -29.07  -29.07  -29.07  -29.07  -29.07  -29.07  -29.07  -29.07
       0   -28.6   -28.6   -28.6   -28.6   -28.6   -28.6   -28.6   -28.6   -28.6   -28.6
       0  -28.15  -28.15  -28.15  -28.15  -28.15  -28.15  -28.15  -28.15  -28.15  -28.15
