       0       0       0       0       0       0       0       0       0       0       0
       0   0.522   0.435  0.5209  0.4284  0.5218  0.4261  0.4975   0.425  0.4872  0.4225
       0   0.522   0.435  0.5209  0.4284  0.5218  0.4232     0.5  0.4235  0.4897  0.4225
       0   0.522  0.4379  0.5209  0.4284  0.5218  0.4232     0.5  0.4235  0.4852  0.4225
       0   0.522  0.4379  0.5209  0.4284  0.5218  0.4194     0.5  0.4242  0.4852  0.4225
       0   0.522  0.4407  0.5209  0.4284  0.5218  0.4194     0.5  0.4242  0.4852  0.4225
       0   0.522  0.4407  0.5209  0.4284  0.5195  0.4194     0.5  0.4242  0.4852  0.4225
       0   0.522  0.4407  0.5209  0.4284  0.5195  0.4194     0.5  0.4242  0.4852  0.4208
       0   0.522   0.435  0.5171  0.4284  0.5195  0.4175  0.4951  0.4214  0.4814  0.4208
       0   0.522   0.435  0.5209  0.4284  0.5195  0.4175  0.4951  0.4206  0.4814  0.4208
       0   0.522   0.435  0.5171  0.4255  0.5195  0.4155  0.4909  0.4163  0.4788  0.4208
       0   0.522  0.4322  0.5171  0.4198   0.523  0.4155  0.4918  0.4163  0.4807  0.4208
       0  0.5055  0.4266  0.5209  0.4169   0.523  0.4155  0.4918  0.4163  0.4737  0.4191
       0     0.5  0.4266   0.519  0.4169   0.523  0.4155  0.4918  0.4163  0.4737  0.4179
       0     0.5  0.4266  0.5133  0.4169  0.5241  0.4146  0.4901  0.4163  0.4666  0.4173
       0     0.5  0.4266  0.5171  0.4155  0.5195  0.4165  0.4901  0.4163  0.4621  0.4173
       0     0.5  0.4266  0.5152  0.4155  0.5149  0.4165   0.486  0.4163  0.4602  0.4179
       0     0.5  0.4266  0.5114  0.4112  0.5057  0.4165  0.4827  0.4163  0.4596  0.4179
       0     0.5  0.4266  0.5095  0.4097     0.5  0.4155  0.4745  0.4192  0.4493  0.4179
       0  0.4945  0.4237  0.4943  0.4097  0.4954  0.4155   0.472  0.4192  0.4448  0.4162
       0  0.4835  0.4237  0.4848  0.4097  0.4885  0.4155  0.4662  0.4185  0.4358  0.4139
