       0       0       0       0       0       0       0       0       0       0       0
       0  0.5376  0.4249  0.3757  0.3627  0.4254  0.4085  0.4401  0.3288  0.4406   0.411
       0  0.5376  0.4249   0.343  0.3353  0.4023  0.3873  0.4236    0.31  0.4265  0.3988
       0  0.5376  0.4249  0.3333  0.3295  0.3965  0.3815   0.417  0.3056   0.413  0.3896
       0  0.5376  0.4249  0.3314   0.328  0.3965  0.3776  0.4154  0.3027  0.3873  0.3757
       0  0.5376  0.4249  0.3314  0.3237  0.3908  0.3719  0.4104   0.302  0.3667  0.3549
       0  0.5376  0.4249  0.3314  0.3107  0.3827  0.3632  0.4021  0.2977  0.3507  0.3358
       0  0.5376  0.4249  0.3314    0.25  0.3491  0.3237  0.3666  0.2796  0.3295  0.3017
       0  0.5376  0.4249  0.3314  0.1908  0.2983   0.289  0.3146  0.2529  0.2839  0.2647
       0  0.5376  0.4249  0.3314  0.1777  0.2902  0.2775  0.2824  0.2399  0.2627  0.2422
       0  0.5376  0.4249  0.3314  0.1749  0.2855  0.2736  0.2742  0.2377  0.2537  0.2353
       0  0.5376  0.4249  0.3314  0.1749  0.2855  0.2736  0.2684   0.237  0.2511  0.2312
       0  0.5376  0.4249  0.3314   0.172  0.2844  0.2717  0.2675  0.2363  0.2511  0.2312
       0  0.5376  0.4249  0.3314   0.172  0.2844  0.2717  0.2675  0.2355  0.2492  0.2289
       0  0.5376  0.4249  0.3314   0.172  0.2844  0.2707  0.2675  0.2355  0.2486  0.2249
       0  0.5376  0.4249  0.3314   0.172  0.2832  0.2707  0.2667  0.2355  0.2479  0.2133
       0  0.5318  0.4249  0.3314  0.1691  0.2832  0.2688  0.2667  0.2355  0.2466  0.2069
       0  0.5318   0.422  0.3276  0.1691  0.2832  0.2659  0.2651  0.2348   0.246  0.1971
       0   0.526  0.4191  0.3256  0.1691  0.2832   0.264  0.2585  0.2334  0.2396  0.1884
       0  0.5087  0.4162  0.3179  0.1618  0.2763  0.2486  0.2428  0.2312  0.2338  0.1815
       0  0.4335  0.3873  0.2987  0.1561  0.2566  0.2254  0.2106  0.2197  0.2139  0.1665
