       0       0       0       0       0       0       0       0       0       0       0
       0  0.0625  0.1238  0.1876  0.2535  0.3115  0.3734  0.4391  0.4868  0.5614  0.6195
       0    0.25  0.4951  0.7505   1.014   1.246   1.494   1.756   1.947   2.246   2.478
       0  0.5625   1.114   1.689   2.281   2.803    3.36   3.952   4.381   5.053   5.575
       0       1   1.981   3.002   4.056   4.984   5.974   7.026   7.789   8.983   9.911
       0   1.563   3.095    4.69   6.337   7.787   9.334   10.98   12.17   14.04   15.49
       0    2.25   4.456   6.754   9.126   11.21   13.44   15.81   17.52   20.21    22.3
       0   3.063   6.065   9.193   12.42   15.26    18.3   21.52   23.85   27.51   30.35
       0       4   7.922   12.01   16.22   19.94    23.9    28.1   31.15   35.93   39.65
       0   5.063   10.03    15.2   20.53   25.23   30.24   35.57   39.43   45.47   50.18
       0    6.25   12.38   18.76   25.35   31.15   37.34   43.91   48.68   56.14   61.95
       0   7.563   14.98    22.7   30.67   37.69   45.18   53.13    58.9   67.93   74.96
       0       9   17.83   27.02    36.5   44.85   53.77   63.23    70.1   80.84    89.2
       0   10.56   20.92   31.71   42.84   52.64    63.1   74.21   82.27   94.88   104.7
       0   12.25   24.26   36.77   49.68   61.05   73.18   86.06   95.41     110   121.4
       0   14.06   27.85   42.21   57.03   70.08   84.01    98.8   109.5   126.3   139.4
       0      16   31.69   48.03   64.89   79.74   95.58   112.4   124.6   143.7   158.6
       0   18.06   35.77   54.22   73.26   90.02   107.9   126.9   140.7   162.2     179
       0   20.25   40.11   60.79   82.13   100.9     121   142.3   157.7   181.9   200.7
       0   22.56   44.69   67.73   91.51   112.4   134.8   158.5   175.7   202.7   223.6
       0      25   49.51   75.05   101.4   124.6   149.4   175.6   194.7   224.6   247.8
