       0       0       0       0       0       0       0       0       0       0       0
       0   60.17    57.2    55.4   54.09    53.2   52.41   51.71   51.26   50.64   50.21
       0   54.15   51.18   49.38   48.07   47.18   46.39   45.68   45.24   44.62   44.19
       0   50.63   47.66   45.86   44.55   43.65   42.87   42.16   41.71    41.1   40.67
       0   48.13   45.16   43.36   42.05   41.16   40.37   39.66   39.22    38.6   38.17
       0   46.19   43.22   41.42   40.11   39.22   38.43   37.73   37.28   36.66   36.23
       0   44.61   41.64   39.84   38.53   37.63   36.85   36.14   35.69   35.07   34.65
       0   43.27    40.3    38.5   37.19   36.29   35.51    34.8   34.36   33.74   33.31
       0   42.11   39.14   37.34   36.03   35.13   34.35   33.64    33.2   32.58   32.15
       0   41.09   38.12   36.31   35.01   34.11   33.32   32.62   32.17   31.55   31.13
       0   40.17    37.2    35.4   34.09    33.2   32.41   31.71   31.26   30.64   30.21
       0   39.34   36.38   34.57   33.26   32.37   31.58   30.88   30.43   29.81   29.38
       0   38.59   35.62   33.81   32.51   31.61   30.83   30.12   29.67   29.05   28.63
       0   37.89   34.93   33.12   31.81   30.92   30.13   29.43   28.98   28.36   27.93
       0   37.25   34.28   32.48   31.17   30.27   29.49   28.78   28.33   27.72   27.29
       0   36.65   33.68   31.88   30.57   29.67   28.89   28.18   27.74   27.12   26.69
       0   36.09   33.12   31.32   30.01   29.11   28.33   27.62   27.18   26.56   26.13
       0   35.56    32.6   30.79   29.48   28.59    27.8    27.1   26.65   26.03    25.6
       0   35.07    32.1   30.29   28.99   28.09    27.3    26.6   26.15   25.53   25.11
       0    34.6   31.63   29.82   28.52   27.62   26.83   26.13   25.68   25.06   24.64
       0   34.15   31.18   29.38   28.07   27.18   26.39   25.68   25.24   24.62   24.19
