       0       0       0       0       0       0       0       0       0       0       0
       0  -54.17  -51.21   -49.4  -48.09   -47.2  -46.41  -45.71  -45.26  -44.64  -44.21
       0  -48.15  -45.18  -43.38  -42.07  -41.18  -40.39  -39.69  -39.24  -38.62  -38.19
       0  -44.63  -41.66  -39.86  -38.55  -37.66  -36.87  -36.16  -35.72   -35.1  -34.67
       0  -42.13  -39.16  -37.36  -36.05  -35.16  -34.37  -33.67  -33.22   -32.6  -32.17
       0  -40.19  -37.23  -35.42  -34.11  -33.22  -32.43  -31.73  -31.28  -30.66  -30.23
       0  -38.61  -35.64  -33.84  -32.53  -31.63  -30.85  -30.14   -29.7  -29.08  -28.65
       0  -37.27   -34.3   -32.5  -31.19   -30.3  -29.51   -28.8  -28.36  -27.74  -27.31
       0  -36.11  -33.14  -31.34  -30.03  -29.14  -28.35  -27.64   -27.2  -26.58  -26.15
       0  -35.09  -32.12  -30.31  -29.01  -28.11  -27.33  -26.62  -26.17  -25.55  -25.13
       0  -34.17  -31.21   -29.4  -28.09   -27.2  -26.41  -25.71  -25.26  -24.64  -24.21
       0  -33.35  -30.38  -28.57  -27.26  -26.37  -25.58  -24.88  -24.43  -23.81  -23.38
       0  -32.59  -29.62  -27.82  -26.51  -25.61  -24.83  -24.12  -23.67  -23.06  -22.63
       0  -31.89  -28.93  -27.12  -25.81  -24.92  -24.13  -23.43  -22.98  -22.36  -21.93
       0  -31.25  -28.28  -26.48  -25.17  -24.28  -23.49  -22.78  -22.34  -21.72  -21.29
       0  -30.65  -27.68  -25.88  -24.57  -23.68  -22.89  -22.18  -21.74  -21.12  -20.69
       0  -30.09  -27.12  -25.32  -24.01  -23.12  -22.33  -21.62  -21.18  -20.56  -20.13
       0  -29.56   -26.6  -24.79  -23.48  -22.59   -21.8   -21.1  -20.65  -20.03   -19.6
       0  -29.07   -26.1  -24.29  -22.99  -22.09  -21.31   -20.6  -20.15  -19.53  -19.11
       0   -28.6  -25.63  -23.82  -22.52  -21.62  -20.84  -20.13  -19.68  -19.06  -18.64
       0  -28.15  -25.18  -23.38  -22.07  -21.18  -20.39  -19.69  -19.24  -18.62  -18.19
