       0       0       0       0       0       0       0       0       0       0       0
       0  0.5376   0.578  0.5703  0.5665  0.5734  0.5751  0.5813  0.5831  0.5735   0.578
       0  0.5376   0.578  0.5703  0.5665  0.5734  0.5751  0.5813  0.5831  0.5735   0.578
       0  0.5376   0.578  0.5703  0.5665  0.5734  0.5751  0.5813  0.5831  0.5735   0.578
       0  0.5376   0.578  0.5703  0.5665  0.5734  0.5751  0.5813  0.5831  0.5735   0.578
       0  0.5376   0.578  0.5703  0.5665  0.5734  0.5751  0.5813  0.5831  0.5735   0.578
       0  0.5376   0.578  0.5703  0.5665  0.5734  0.5751  0.5813  0.5831  0.5735   0.578
       0  0.5376   0.578  0.5703  0.5665  0.5734  0.5751  0.5813  0.5831  0.5735   0.578
       0  0.5376   0.578  0.5703  0.5665  0.5734  0.5751  0.5813  0.5831  0.5735   0.578
       0  0.5376   0.578  0.5703  0.5665  0.5734  0.5751  0.5813  0.5831  0.5735   0.578
       0  0.5376   0.578  0.5703  0.5665  0.5734  0.5751  0.5813  0.5831  0.5735   0.578
       0  0.5376   0.578  0.5703  0.5665  0.5734  0.5751  0.5813  0.5831  0.5735   0.578
       0  0.5376   0.578  0.5703  0.5665  0.5734  0.5751  0.5813  0.5831  0.5735   0.578
       0  0.5376   0.578  0.5703  0.5665  0.5734  0.5751  0.5813  0.5831  0.5735   0.578
       0  0.5376   0.578  0.5703  0.5665  0.5734  0.5751  0.5813  0.5831  0.5735   0.578
       0  0.5376   0.578  0.5703  0.5665  0.5734  0.5751  0.5813  0.5831  0.5735   0.578
       0  0.5376   0.578  0.5703  0.5665  0.5734  0.5751  0.5813  0.5831  0.5735   0.578
       0  0.5376   0.578  0.5703  0.5665  0.5734  0.5751  0.5813  0.5831  0.5735   0.578
       0  0.5376   0.578  0.5703  0.5665  0.5734  0.5751  0.5813  0.5831  0.5735   0.578
       0  0.5376   0.578  0.5703  0.5665  0.5734  0.5751  0.5813  0.5831  0.5735   0.578
       0  0.5376   0.578  0.5703  0.5665  0.5734  0.5751  0.5813  0.5831  0.5735   0.578
