       0       0       0       0       0       0       0       0       0       0       0
       0       0       0       0       0       0       0       0       0       0       0
       0       0       0       0       0       0       0       0       0       0       0
       0       0       0       0       0       0       0       0       0       0       0
       0       0       0       0       0       0       0       0       0       0       0
       0       0       0       0       0       0       0       0       0       0       0
       0       0       0       0       0       0       0       0       0       0       0
       0       0       0       0       0       0       0       0       0       0       0
       0       0       0       0       0       0       0       0       0       0       0
       0       0       0       0       0       0       0       0       0       0       0
       0       0       0       0       0       0       0       0       0       0       0
       0       0       0       0       0       0       0       0       0       0       0
       0       0       0       0       0       0       0       0       0       0       0
       0       0       0       0       0       0       0       0       0       0       0
       0       0       0       0       0       0       0       0       0       0       0
       0       0       0       0       0       0       0       0       0       0       0
       0       0       0       0       0       0       0       0       0       0       0
       0       0       0       0       0       0       0       0       0       0       0
       0       0       0       0       0       0       0       0       0       0       0
       0       0       0       0       0       0       0       0       0       0       0
       0       0       0       0       0       0       0       0       0       0       0
       0       0       0       0       0       0       0       0       0       0       0
       0       0       0       0       0       0       0       0       0       0       0
       0       0       0       0       0       0       0       0       0       0       0
       0       0       0       0       0       0       0       0       0       0       0
       0       0       0       0       0       0       0       0       0       0       0
       0       0       0       0       0       0       0       0       0       0       0
       0       0       0       0       0       0       0       0       0       0       0
       0       0       0       0       0       0       0       0       0       0       0
       0       0       0       0       0       0       0       0       0       0       0
       0       0       0       0       0       0       0       0       0       0       0
       0       0       0       0       0       0       0       0       0       0       0
       0       0       0       0       0       0       0       0       0       0       0
       0       0       0       0       0       0       0       0       0       0       0
       0       0       0       0       0       0       0       0       0       0       0
       0       0       0       0       0       0       0       0       0       0       0
       0       0       0       0       0       0       0       0       0       0       0
       0       0       0       0       0       0       0       0       0       0       0
       0       0       0       0       0       0       0       0       0       0       0
       0       0       0       0       0       0       0       0       0       0       0
       0  0.5376   0.578  0.5568  0.5231  0.5584  0.5703   0.578  0.5802  0.5729  0.5763
       0  0.5376   0.578  0.4913  0.5231  0.5584  0.5674  0.5764  0.5802  0.5716  0.5757
       0  0.5376   0.578  0.4855  0.5159  0.5468  0.5636  0.5756  0.5795  0.5697  0.5746
       0  0.5376   0.578  0.4855  0.5029  0.5272  0.5568  0.5698  0.5751  0.5678   0.574
       0  0.5376   0.578  0.4605  0.4725  0.5121  0.5511  0.5632  0.5694  0.5678  0.5734
       0  0.5376  0.5751  0.4547  0.4668  0.4936  0.5434   0.559  0.5672  0.5658  0.5717
       0  0.5376  0.4364  0.4528  0.3829  0.4613  0.5135  0.5516  0.5535  0.5607  0.5705
       0  0.5318  0.3844  0.4528  0.2702  0.4462  0.4961  0.5442  0.5506  0.5581  0.5682
       0  0.2543  0.3815  0.3931    0.25  0.4451  0.4788  0.5367  0.5484  0.5523  0.5653
       0 0.00578  0.2746  0.2582  0.2153  0.4208  0.4721  0.5244  0.5434  0.5427   0.559
       0       0  0.2486  0.2447  0.1965  0.3838  0.4624   0.507  0.5354  0.5369  0.5468
       0       0   0.237  0.2274  0.1864  0.3503  0.4249  0.4897  0.5159  0.5318  0.5382
       0       0  0.0896  0.1715  0.1864  0.3329  0.3911  0.4723  0.5007  0.5189  0.5277
       0       0 0.06069  0.1291  0.1864  0.3156  0.3632  0.4492  0.4971  0.5055  0.5202
       0       0  0.0578  0.1002  0.1864   0.289  0.3468  0.4352   0.479  0.4971  0.5116
       0       0 0.05491 0.09634  0.1835  0.2763  0.3401  0.4195  0.4697  0.4862  0.5035
       0       0 0.00289 0.09249  0.1214  0.2636  0.3256  0.3997  0.4393  0.4772   0.496
       0       0       0 0.07129 0.09682  0.2451  0.2996  0.3898  0.4155  0.4701  0.4896
       0       0       0 0.06936 0.09104  0.2405  0.2938  0.3724  0.3916  0.4573  0.4832
       0       0       0 0.06936 0.09104  0.2069  0.2794  0.3518  0.3829  0.4432  0.4728
       0       0       0 0.04239 0.06936  0.1977  0.2592  0.3328  0.3743  0.4355  0.4642
