       0       0       0       0       0       0       0       0       0       0       0
       0       0       0       0       0       0       0       0       0       0       0
       0       0       0       0       0       0       0       0       0       0       0
       0       0       0       0       0       0       0       0       0       0       0
       0       0       0       0       0       0       0       0       0       0       0
       0       0       0       0       0       0       0       0       0       0       0
       0       0       0       0       0       0       0       0       0       0       0
       0       0       0       0       0       0       0       0       0       0       0
       0       0       0       0       0       0       0       0       0       0       0
       0       0       0       0       0       0       0       0       0       0       0
       0       0       0       0       0       0       0       0       0       0       0
       0       0       0       0       0       0       0       0       0       0       0
       0       0       0       0       0       0       0       0       0       0       0
       0       0       0       0       0       0       0       0       0       0       0
       0       0       0       0       0       0       0       0       0       0       0
       0       0       0       0       0       0       0       0       0       0       0
       0       0       0       0       0       0       0       0       0       0       0
       0       0       0       0       0       0       0       0       0       0       0
       0       0       0       0       0       0       0       0       0       0       0
       0       0       0       0       0       0       0       0       0       0       0
       0       0       0       0       0       0       0       0       0       0       0
       0       0       0       0       0       0       0       0       0       0       0
       0       0       0       0       0       0       0       0       0       0       0
       0       0       0       0       0       0       0       0       0       0       0
       0       0       0       0       0       0       0       0       0       0       0
       0       0       0       0       0       0       0       0       0       0       0
       0       0       0       0       0       0       0       0       0       0       0
       0       0       0       0       0       0       0       0       0       0       0
       0       0       0       0       0       0       0       0       0       0       0
       0       0       0       0       0       0       0       0       0       0       0
       0       0       0       0       0       0       0       0       0       0       0
       0       0       0       0       0       0       0       0       0       0       0
       0       0       0       0       0       0       0       0       0       0       0
       0       0       0       0       0       0       0       0       0       0       0
       0       0       0       0       0       0       0       0       0       0       0
       0       0       0       0       0       0       0       0       0       0       0
       0       0       0       0       0       0       0       0       0       0       0
       0       0       0       0       0       0       0       0       0       0       0
       0       0       0       0       0       0       0       0       0       0       0
       0       0       0       0       0       0       0       0       0       0       0
       0     909    2003    3185    4603    5693    6995    8333    9830 1.113e+004 1.277e+004
       0     955    2104    3347    4836    5981    7349    8755 1.033e+004 1.17e+004 1.342e+004
       0    1002    2208    3512    5075    6277    7712    9187 1.084e+004 1.227e+004 1.408e+004
       0    1050    2315    3681    5319    6579    8083    9630 1.136e+004 1.286e+004 1.476e+004
       0    1100    2423    3854    5570    6889    8464 1.008e+004 1.189e+004 1.347e+004 1.545e+004
       0    1150    2535    4031    5826    7205    8853 1.055e+004 1.244e+004 1.409e+004 1.616e+004
       0    1202    2649    4213    6088    7529    9251 1.102e+004 1.3e+004 1.472e+004 1.689e+004
       0    1255    2765    4398    6355    7860    9657 1.15e+004 1.357e+004 1.537e+004 1.763e+004
       0    1309    2884    4587    6628    8198 1.007e+004 1.2e+004 1.416e+004 1.603e+004 1.839e+004
       0    1364    3006    4780    6908    8543 1.05e+004 1.25e+004 1.475e+004 1.671e+004 1.916e+004
       0    1420    3129    4977    7192    8896 1.093e+004 1.302e+004 1.536e+004 1.739e+004 1.995e+004
       0    1478    3256    5178    7483    9255 1.137e+004 1.355e+004 1.598e+004 1.81e+004 2.076e+004
       0    1536    3385    5383    7779    9622 1.182e+004 1.408e+004 1.661e+004 1.881e+004 2.158e+004
       0    1596    3516    5592    8081    9995 1.228e+004 1.463e+004 1.726e+004 1.954e+004 2.242e+004
       0    1657    3650    5805    8389 1.038e+004 1.275e+004 1.519e+004 1.792e+004 2.029e+004 2.327e+004
       0    1719    3787    6022    8703 1.076e+004 1.322e+004 1.575e+004 1.858e+004 2.105e+004 2.414e+004
       0    1782    3926    6243    9022 1.116e+004 1.371e+004 1.633e+004 1.927e+004 2.182e+004 2.503e+004
       0    1846    4067    6468    9347 1.156e+004 1.42e+004 1.692e+004 1.996e+004 2.261e+004 2.593e+004
       0    1911    4211    6697    9678 1.197e+004 1.471e+004 1.752e+004 2.067e+004 2.341e+004 2.685e+004
       0    1978    4357    6930 1.001e+004 1.239e+004 1.522e+004 1.813e+004 2.139e+004 2.422e+004 2.778e+004
       0    2045    4506    7167 1.036e+004 1.281e+004 1.574e+004 1.875e+004 2.212e+004 2.505e+004 2.873e+004
