       0       0       0       0       0       0       0       0       0       0       0
       0       0       0       0       0       0       0       0       0       0       0
       0       0       0       0       0       0       0       0       0       0       0
       0       0       0       0       0       0       0       0       0       0       0
       0       0       0       0       0       0       0       0       0       0       0
       0       0       0       0       0       0       0       0       0       0       0
       0       0       0       0       0       0       0       0       0       0       0
       0       0       0       0       0       0       0       0       0       0       0
       0       0       0       0       0       0       0       0       0       0       0
       0       0       0       0       0       0       0       0       0       0       0
       0       0       0       0       0       0       0       0       0       0       0
       0       0       0       0       0       0       0       0       0       0       0
       0       0       0       0       0       0       0       0       0       0       0
       0       0       0       0       0       0       0       0       0       0       0
       0       0       0       0       0       0       0       0       0       0       0
       0       0       0       0       0       0       0       0       0       0       0
       0       0       0       0       0       0       0       0       0       0       0
       0       0       0       0       0       0       0       0       0       0       0
       0       0       0       0       0       0       0       0       0       0       0
       0       0       0       0       0       0       0       0       0       0       0
       0       0       0       0       0       0       0       0       0       0       0
       0       0       0       0       0       0       0       0       0       0       0
       0       0       0       0       0       0       0       0       0       0       0
       0       0       0       0       0       0       0       0       0       0       0
       0       0       0       0       0       0       0       0       0       0       0
       0       0       0       0       0       0       0       0       0       0       0
       0       0       0       0       0       0       0       0       0       0       0
       0       0       0       0       0       0       0       0       0       0       0
       0       0       0       0       0       0       0       0       0       0       0
       0       0       0       0       0       0       0       0       0       0       0
       0       0       0       0       0       0       0       0       0       0       0
       0       0       0       0       0       0       0       0       0       0       0
       0       0       0       0       0       0       0       0       0       0       0
       0       0       0       0       0       0       0       0       0       0       0
       0       0       0       0       0       0       0       0       0       0       0
       0       0       0       0       0       0       0       0       0       0       0
       0       0       0       0       0       0       0       0       0       0       0
       0       0       0       0       0       0       0       0       0       0       0
       0       0       0       0       0       0       0       0       0       0       0
       0       0       0       0       0       0       0       0       0       0       0
       0   18.55   15.11    13.1    11.5   10.58   9.683   8.923   8.205   7.665   7.069
       0   18.33    14.9   12.88   11.29   10.36   9.469   8.708   7.991   7.451   6.854
       0   18.12   14.69   12.68   11.08   10.15   9.259   8.499   7.782   7.241   6.645
       0   17.92   14.49   12.47   10.87   9.949   9.055   8.295   7.577   7.037   6.441
       0   17.72   14.29   12.27   10.67   9.749   8.855   8.095   7.377   6.837   6.241
       0   17.52   14.09   12.08   10.48   9.554    8.66     7.9   7.182   6.642   6.046
       0   17.33    13.9   11.89   10.29   9.363   8.469   7.709   6.991   6.451   5.855
       0   17.14   13.71    11.7    10.1   9.176   8.282   7.522   6.805   6.264   5.668
       0   16.96   13.53   11.52   9.917   8.994   8.099   7.339   6.622   6.081   5.485
       0   16.78   13.35   11.34   9.738   8.815    7.92    7.16   6.443   5.902   5.306
       0   16.61   13.18   11.16   9.562   8.639   7.745   6.985   6.267   5.727   5.131
       0   16.43      13   10.99    9.39   8.467   7.573   6.813   6.095   5.555   4.959
       0   16.27   12.84   10.82   9.221   8.298   7.404   6.644   5.926   5.386    4.79
       0    16.1   12.67   10.66   9.056   8.133   7.239   6.479   5.761   5.221   4.624
       0   15.94   12.51   10.49   8.894   7.971   7.076   6.316   5.599   5.058   4.462
       0   15.78   12.35   10.33   8.734   7.811   6.917   6.157   5.439   4.899   4.303
       0   15.62   12.19   10.18   8.578   7.655    6.76       6   5.283   4.742   4.146
       0   15.47   12.04   10.02   8.424   7.501   6.607   5.847   5.129   4.589   3.993
       0   15.32   11.89   9.872   8.273    7.35   6.456   5.696   4.978   4.438   3.841
       0   15.17   11.74   9.723   8.124   7.201   6.307   5.547   4.829   4.289   3.693
       0   15.02   11.59   9.577   7.978   7.055   6.161   5.401   4.683   4.143   3.547
