       0       0       0       0       0       0       0       0       0       0       0
       0       0       0       0       0       0       0       0       0       0       0
       0       0       0       0       0       0       0       0       0       0       0
       0       0       0       0       0       0       0       0       0       0       0
       0       0       0       0       0       0       0       0       0       0       0
       0       0       0       0       0       0       0       0       0       0       0
       0       0       0       0       0       0       0       0       0       0       0
       0       0       0       0       0       0       0       0       0       0       0
       0       0       0       0       0       0       0       0       0       0       0
       0       0       0       0       0       0       0       0       0       0       0
       0       0       0       0       0       0       0       0       0       0       0
       0       0       0       0       0       0       0       0       0       0       0
       0       0       0       0       0       0       0       0       0       0       0
       0       0       0       0       0       0       0       0       0       0       0
       0       0       0       0       0       0       0       0       0       0       0
       0       0       0       0       0       0       0       0       0       0       0
       0       0       0       0       0       0       0       0       0       0       0
       0       0       0       0       0       0       0       0       0       0       0
       0       0       0       0       0       0       0       0       0       0       0
       0       0       0       0       0       0       0       0       0       0       0
       0       0       0       0       0       0       0       0       0       0       0
       0       0       0       0       0       0       0       0       0       0       0
       0       0       0       0       0       0       0       0       0       0       0
       0       0       0       0       0       0       0       0       0       0       0
       0       0       0       0       0       0       0       0       0       0       0
       0       0       0       0       0       0       0       0       0       0       0
       0       0       0       0       0       0       0       0       0       0       0
       0       0       0       0       0       0       0       0       0       0       0
       0       0       0       0       0       0       0       0       0       0       0
       0       0       0       0       0       0       0       0       0       0       0
       0       0       0       0       0       0       0       0       0       0       0
       0       0       0       0       0       0       0       0       0       0       0
       0       0       0       0       0       0       0       0       0       0       0
       0       0       0       0       0       0       0       0       0       0       0
       0       0       0       0       0       0       0       0       0       0       0
       0       0       0       0       0       0       0       0       0       0       0
       0       0       0       0       0       0       0       0       0       0       0
       0       0       0       0       0       0       0       0       0       0       0
       0       0       0       0       0       0       0       0       0       0       0
       0       0       0       0       0       0       0       0       0       0       0
       0  -12.55  -9.116  -7.101  -5.501  -4.578  -3.684  -2.924  -2.207  -1.666   -1.07
       0  -12.33  -8.901  -6.886  -5.287  -4.364   -3.47   -2.71  -1.992  -1.452 -0.8555
       0  -12.12  -8.692  -6.677  -5.078  -4.155   -3.26    -2.5  -1.783  -1.242 -0.6462
       0  -11.92  -8.487  -6.472  -4.873   -3.95  -3.056  -2.296  -1.578  -1.038 -0.4418
       0  -11.72  -8.288  -6.273  -4.674  -3.751  -2.856  -2.096  -1.379 -0.8384 -0.2421
       0  -11.52  -8.092  -6.077  -4.478  -3.555  -2.661  -1.901  -1.183 -0.6432-0.04695
       0  -11.33  -7.902  -5.887  -4.288  -3.364   -2.47   -1.71 -0.9925 -0.4523   0.144
       0  -11.15  -7.715    -5.7  -4.101  -3.178  -2.283  -1.523 -0.8057 -0.2655  0.3308
       0  -10.96  -7.532  -5.517  -3.918  -2.995  -2.101   -1.34 -0.6229-0.08261  0.5136
       0  -10.78  -7.353  -5.338  -3.739  -2.816  -1.922  -1.161 -0.4438 0.09648  0.6927
       0  -10.61  -7.177  -5.162  -3.563   -2.64  -1.746 -0.9859 -0.2683   0.272  0.8682
       0  -10.44  -7.005   -4.99  -3.391  -2.468  -1.574 -0.8139 -0.0963   0.444    1.04
       0  -10.27  -6.837  -4.822  -3.223    -2.3  -1.405 -0.6452 0.07236  0.6126   1.209
       0   -10.1  -6.671  -4.656  -3.057  -2.134   -1.24 -0.4797  0.2378  0.7781   1.374
       0   -9.94  -6.509  -4.494  -2.895  -1.972  -1.078 -0.3174  0.4002  0.9404   1.537
       0   -9.78  -6.349  -4.334  -2.735  -1.812 -0.9182  -0.158  0.5596     1.1   1.696
       0  -9.624  -6.193  -4.178  -2.579  -1.656 -0.7617-0.001499  0.7161   1.256   1.853
       0   -9.47  -6.039  -4.024  -2.425  -1.502 -0.6079  0.1522  0.8698    1.41   2.006
       0  -9.319  -5.888  -3.873  -2.274  -1.351 -0.4569  0.3033   1.021   1.561   2.157
       0  -9.171   -5.74  -3.725  -2.126  -1.203 -0.3084  0.4518   1.169    1.71   2.306
       0  -9.025  -5.594  -3.579   -1.98  -1.057 -0.1624  0.5978   1.315   1.856   2.452
