// Datafile written by Mathcad
// 01/31/21 14:00:08

.MATRIX 0 0 32 1
 {1,0,32,1} {2,0,32,1} {3,0,32,1} {4,0,32,1} {5,0,32,1} {6,0,32,1} {7,0,32,1}
 {8,0,32,1} {9,0,32,1} {10,0,32,1} {11,0,32,1} {12,0,32,1} {13,0,32,1}
 {14,0,32,1} {15,0,32,1} {16,0,32,1} {17,0,32,1} {18,0,32,1} {19,0,32,1}
 {20,0,32,1} {21,0,32,1} {22,0,32,1} {23,0,32,1} {24,0,32,1} {25,0,32,1}
 {26,0,32,1} {27,0,32,1} {28,0,32,1} {29,0,32,1} {30,0,32,1} {31,0,32,1}
 {32,0,32,1}
.MATRIX 1 0 32 1
       1       1       1       1       1       1       1       1       1       1
       1       1       1       1       1       1       1       1       1       1
       1       1       1       1       1       1       1       1       1       1
       1       1
.MATRIX 2 0 32 1
       1      -1       1      -1       1      -1       1      -1       1      -1
       1      -1       1      -1       1      -1       1      -1       1      -1
       1      -1       1      -1       1      -1       1      -1       1      -1
       1      -1
.MATRIX 3 0 32 1
       1       1      -1      -1       1       1      -1      -1       1       1
      -1      -1       1       1      -1      -1       1       1      -1      -1
       1       1      -1      -1       1       1      -1      -1       1       1
      -1      -1
.MATRIX 4 0 32 1
       1      -1      -1       1       1      -1      -1       1       1      -1
      -1       1       1      -1      -1       1       1      -1      -1       1
       1      -1      -1       1       1      -1      -1       1       1      -1
      -1       1
.MATRIX 5 0 32 1
       1       1       1       1      -1      -1      -1      -1       1       1
       1       1      -1      -1      -1      -1       1       1       1       1
      -1      -1      -1      -1       1       1       1       1      -1      -1
      -1      -1
.MATRIX 6 0 32 1
       1      -1       1      -1      -1       1      -1       1       1      -1
       1      -1      -1       1      -1       1       1      -1       1      -1
      -1       1      -1       1       1      -1       1      -1      -1       1
      -1       1
.MATRIX 7 0 32 1
       1       1      -1      -1      -1      -1       1       1       1       1
      -1      -1      -1      -1       1       1       1       1      -1      -1
      -1      -1       1       1       1       1      -1      -1      -1      -1
       1       1
.MATRIX 8 0 32 1
       1      -1      -1       1      -1       1       1      -1       1      -1
      -1       1      -1       1       1      -1       1      -1      -1       1
      -1       1       1      -1       1      -1      -1       1      -1       1
       1      -1
.MATRIX 9 0 32 1
       1       1       1       1       1       1       1       1      -1      -1
      -1      -1      -1      -1      -1      -1       1       1       1       1
       1       1       1       1      -1      -1      -1      -1      -1      -1
      -1      -1
.MATRIX 10 0 32 1
       1      -1       1      -1       1      -1       1      -1      -1       1
      -1       1      -1       1      -1       1       1      -1       1      -1
       1      -1       1      -1      -1       1      -1       1      -1       1
      -1       1
.MATRIX 11 0 32 1
       1       1      -1      -1       1       1      -1      -1      -1      -1
       1       1      -1      -1       1       1       1       1      -1      -1
       1       1      -1      -1      -1      -1       1       1      -1      -1
       1       1
.MATRIX 12 0 32 1
       1      -1      -1       1       1      -1      -1       1      -1       1
       1      -1      -1       1       1      -1       1      -1      -1       1
       1      -1      -1       1      -1       1       1      -1      -1       1
       1      -1
.MATRIX 13 0 32 1
       1       1       1       1      -1      -1      -1      -1      -1      -1
      -1      -1       1       1       1       1       1       1       1       1
      -1      -1      -1      -1      -1      -1      -1      -1       1       1
       1       1
.MATRIX 14 0 32 1
       1      -1       1      -1      -1       1      -1       1      -1       1
      -1       1       1      -1       1      -1       1      -1       1      -1
      -1       1      -1       1      -1       1      -1       1       1      -1
       1      -1
.MATRIX 15 0 32 1
       1       1      -1      -1      -1      -1       1       1      -1      -1
       1       1       1       1      -1      -1       1       1      -1      -1
      -1      -1       1       1      -1      -1       1       1       1       1
      -1      -1
.MATRIX 16 0 32 1
       1      -1      -1       1      -1       1       1      -1      -1       1
       1      -1       1      -1      -1       1       1      -1      -1       1
      -1       1       1      -1      -1       1       1      -1       1      -1
      -1       1
.MATRIX 17 0 32 1
       1       1       1       1       1       1       1       1       1       1
       1       1       1       1       1       1      -1      -1      -1      -1
      -1      -1      -1      -1      -1      -1      -1      -1      -1      -1
      -1      -1
.MATRIX 18 0 32 1
       1      -1       1      -1       1      -1       1      -1       1      -1
       1      -1       1      -1       1      -1      -1       1      -1       1
      -1       1      -1       1      -1       1      -1       1      -1       1
      -1       1
.MATRIX 19 0 32 1
       1       1      -1      -1       1       1      -1      -1       1       1
      -1      -1       1       1      -1      -1      -1      -1       1       1
      -1      -1       1       1      -1      -1       1       1      -1      -1
       1       1
.MATRIX 20 0 32 1
       1      -1      -1       1       1      -1      -1       1       1      -1
      -1       1       1      -1      -1       1      -1       1       1      -1
      -1       1       1      -1      -1       1       1      -1      -1       1
       1      -1
.MATRIX 21 0 32 1
       1       1       1       1      -1      -1      -1      -1       1       1
       1       1      -1      -1      -1      -1      -1      -1      -1      -1
       1       1       1       1      -1      -1      -1      -1       1       1
       1       1
.MATRIX 22 0 32 1
       1      -1       1      -1      -1       1      -1       1       1      -1
       1      -1      -1       1      -1       1      -1       1      -1       1
       1      -1       1      -1      -1       1      -1       1       1      -1
       1      -1
.MATRIX 23 0 32 1
       1       1      -1      -1      -1      -1       1       1       1       1
      -1      -1      -1      -1       1       1      -1      -1       1       1
       1       1      -1      -1      -1      -1       1       1       1       1
      -1      -1
.MATRIX 24 0 32 1
       1      -1      -1       1      -1       1       1      -1       1      -1
      -1       1      -1       1       1      -1      -1       1       1      -1
       1      -1      -1       1      -1       1       1      -1       1      -1
      -1       1
.MATRIX 25 0 32 1
       1       1       1       1       1       1       1       1      -1      -1
      -1      -1      -1      -1      -1      -1      -1      -1      -1      -1
      -1      -1      -1      -1       1       1       1       1       1       1
       1       1
.MATRIX 26 0 32 1
       1      -1       1      -1       1      -1       1      -1      -1       1
      -1       1      -1       1      -1       1      -1       1      -1       1
      -1       1      -1       1       1      -1       1      -1       1      -1
       1      -1
.MATRIX 27 0 32 1
       1       1      -1      -1       1       1      -1      -1      -1      -1
       1       1      -1      -1       1       1      -1      -1       1       1
      -1      -1       1       1       1       1      -1      -1       1       1
      -1      -1
.MATRIX 28 0 32 1
       1      -1      -1       1       1      -1      -1       1      -1       1
       1      -1      -1       1       1      -1      -1       1       1      -1
      -1       1       1      -1       1      -1      -1       1       1      -1
      -1       1
.MATRIX 29 0 32 1
       1       1       1       1      -1      -1      -1      -1      -1      -1
      -1      -1       1       1       1       1      -1      -1      -1      -1
       1       1       1       1       1       1       1       1      -1      -1
      -1      -1
.MATRIX 30 0 32 1
       1      -1       1      -1      -1       1      -1       1      -1       1
      -1       1       1      -1       1      -1      -1       1      -1       1
       1      -1       1      -1       1      -1       1      -1      -1       1
      -1       1
.MATRIX 31 0 32 1
       1       1      -1      -1      -1      -1       1       1      -1      -1
       1       1       1       1      -1      -1      -1      -1       1       1
       1       1      -1      -1       1       1      -1      -1      -1      -1
       1       1
.MATRIX 32 0 32 1
       1      -1      -1       1      -1       1       1      -1      -1       1
       1      -1       1      -1      -1       1      -1       1       1      -1
       1      -1      -1       1       1      -1      -1       1      -1       1
       1      -1