// Datafile written by Mathcad
// 01/31/21 13:59:12

.MATRIX 0 0 64 1
 {1,0,64,1} {2,0,64,1} {3,0,64,1} {4,0,64,1} {5,0,64,1} {6,0,64,1} {7,0,64,1}
 {8,0,64,1} {9,0,64,1} {10,0,64,1} {11,0,64,1} {12,0,64,1} {13,0,64,1}
 {14,0,64,1} {15,0,64,1} {16,0,64,1} {17,0,64,1} {18,0,64,1} {19,0,64,1}
 {20,0,64,1} {21,0,64,1} {22,0,64,1} {23,0,64,1} {24,0,64,1} {25,0,64,1}
 {26,0,64,1} {27,0,64,1} {28,0,64,1} {29,0,64,1} {30,0,64,1} {31,0,64,1}
 {32,0,64,1} {33,0,64,1} {34,0,64,1} {35,0,64,1} {36,0,64,1} {37,0,64,1}
 {38,0,64,1} {39,0,64,1} {40,0,64,1} {41,0,64,1} {42,0,64,1} {43,0,64,1}
 {44,0,64,1} {45,0,64,1} {46,0,64,1} {47,0,64,1} {48,0,64,1} {49,0,64,1}
 {50,0,64,1} {51,0,64,1} {52,0,64,1} {53,0,64,1} {54,0,64,1} {55,0,64,1}
 {56,0,64,1} {57,0,64,1} {58,0,64,1} {59,0,64,1} {60,0,64,1} {61,0,64,1}
 {62,0,64,1} {63,0,64,1} {64,0,64,1}
.MATRIX 1 0 64 1
       1       1       1       1       1       1       1       1       1       1
       1       1       1       1       1       1       1       1       1       1
       1       1       1       1       1       1       1       1       1       1
       1       1       1       1       1       1       1       1       1       1
       1       1       1       1       1       1       1       1       1       1
       1       1       1       1       1       1       1       1       1       1
       1       1       1       1
.MATRIX 2 0 64 1
       1      -1       1      -1       1      -1       1      -1       1      -1
       1      -1       1      -1       1      -1       1      -1       1      -1
       1      -1       1      -1       1      -1       1      -1       1      -1
       1      -1       1      -1       1      -1       1      -1       1      -1
       1      -1       1      -1       1      -1       1      -1       1      -1
       1      -1       1      -1       1      -1       1      -1       1      -1
       1      -1       1      -1
.MATRIX 3 0 64 1
       1       1      -1      -1       1       1      -1      -1       1       1
      -1      -1       1       1      -1      -1       1       1      -1      -1
       1       1      -1      -1       1       1      -1      -1       1       1
      -1      -1       1       1      -1      -1       1       1      -1      -1
       1       1      -1      -1       1       1      -1      -1       1       1
      -1      -1       1       1      -1      -1       1       1      -1      -1
       1       1      -1      -1
.MATRIX 4 0 64 1
       1      -1      -1       1       1      -1      -1       1       1      -1
      -1       1       1      -1      -1       1       1      -1      -1       1
       1      -1      -1       1       1      -1      -1       1       1      -1
      -1       1       1      -1      -1       1       1      -1      -1       1
       1      -1      -1       1       1      -1      -1       1       1      -1
      -1       1       1      -1      -1       1       1      -1      -1       1
       1      -1      -1       1
.MATRIX 5 0 64 1
       1       1       1       1      -1      -1      -1      -1       1       1
       1       1      -1      -1      -1      -1       1       1       1       1
      -1      -1      -1      -1       1       1       1       1      -1      -1
      -1      -1       1       1       1       1      -1      -1      -1      -1
       1       1       1       1      -1      -1      -1      -1       1       1
       1       1      -1      -1      -1      -1       1       1       1       1
      -1      -1      -1      -1
.MATRIX 6 0 64 1
       1      -1       1      -1      -1       1      -1       1       1      -1
       1      -1      -1       1      -1       1       1      -1       1      -1
      -1       1      -1       1       1      -1       1      -1      -1       1
      -1       1       1      -1       1      -1      -1       1      -1       1
       1      -1       1      -1      -1       1      -1       1       1      -1
       1      -1      -1       1      -1       1       1      -1       1      -1
      -1       1      -1       1
.MATRIX 7 0 64 1
       1       1      -1      -1      -1      -1       1       1       1       1
      -1      -1      -1      -1       1       1       1       1      -1      -1
      -1      -1       1       1       1       1      -1      -1      -1      -1
       1       1       1       1      -1      -1      -1      -1       1       1
       1       1      -1      -1      -1      -1       1       1       1       1
      -1      -1      -1      -1       1       1       1       1      -1      -1
      -1      -1       1       1
.MATRIX 8 0 64 1
       1      -1      -1       1      -1       1       1      -1       1      -1
      -1       1      -1       1       1      -1       1      -1      -1       1
      -1       1       1      -1       1      -1      -1       1      -1       1
       1      -1       1      -1      -1       1      -1       1       1      -1
       1      -1      -1       1      -1       1       1      -1       1      -1
      -1       1      -1       1       1      -1       1      -1      -1       1
      -1       1       1      -1
.MATRIX 9 0 64 1
       1       1       1       1       1       1       1       1      -1      -1
      -1      -1      -1      -1      -1      -1       1       1       1       1
       1       1       1       1      -1      -1      -1      -1      -1      -1
      -1      -1       1       1       1       1       1       1       1       1
      -1      -1      -1      -1      -1      -1      -1      -1       1       1
       1       1       1       1       1       1      -1      -1      -1      -1
      -1      -1      -1      -1
.MATRIX 10 0 64 1
       1      -1       1      -1       1      -1       1      -1      -1       1
      -1       1      -1       1      -1       1       1      -1       1      -1
       1      -1       1      -1      -1       1      -1       1      -1       1
      -1       1       1      -1       1      -1       1      -1       1      -1
      -1       1      -1       1      -1       1      -1       1       1      -1
       1      -1       1      -1       1      -1      -1       1      -1       1
      -1       1      -1       1
.MATRIX 11 0 64 1
       1       1      -1      -1       1       1      -1      -1      -1      -1
       1       1      -1      -1       1       1       1       1      -1      -1
       1       1      -1      -1      -1      -1       1       1      -1      -1
       1       1       1       1      -1      -1       1       1      -1      -1
      -1      -1       1       1      -1      -1       1       1       1       1
      -1      -1       1       1      -1      -1      -1      -1       1       1
      -1      -1       1       1
.MATRIX 12 0 64 1
       1      -1      -1       1       1      -1      -1       1      -1       1
       1      -1      -1       1       1      -1       1      -1      -1       1
       1      -1      -1       1      -1       1       1      -1      -1       1
       1      -1       1      -1      -1       1       1      -1      -1       1
      -1       1       1      -1      -1       1       1      -1       1      -1
      -1       1       1      -1      -1       1      -1       1       1      -1
      -1       1       1      -1
.MATRIX 13 0 64 1
       1       1       1       1      -1      -1      -1      -1      -1      -1
      -1      -1       1       1       1       1       1       1       1       1
      -1      -1      -1      -1      -1      -1      -1      -1       1       1
       1       1       1       1       1       1      -1      -1      -1      -1
      -1      -1      -1      -1       1       1       1       1       1       1
       1       1      -1      -1      -1      -1      -1      -1      -1      -1
       1       1       1       1
.MATRIX 14 0 64 1
       1      -1       1      -1      -1       1      -1       1      -1       1
      -1       1       1      -1       1      -1       1      -1       1      -1
      -1       1      -1       1      -1       1      -1       1       1      -1
       1      -1       1      -1       1      -1      -1       1      -1       1
      -1       1      -1       1       1      -1       1      -1       1      -1
       1      -1      -1       1      -1       1      -1       1      -1       1
       1      -1       1      -1
.MATRIX 15 0 64 1
       1       1      -1      -1      -1      -1       1       1      -1      -1
       1       1       1       1      -1      -1       1       1      -1      -1
      -1      -1       1       1      -1      -1       1       1       1       1
      -1      -1       1       1      -1      -1      -1      -1       1       1
      -1      -1       1       1       1       1      -1      -1       1       1
      -1      -1      -1      -1       1       1      -1      -1       1       1
       1       1      -1      -1
.MATRIX 16 0 64 1
       1      -1      -1       1      -1       1       1      -1      -1       1
       1      -1       1      -1      -1       1       1      -1      -1       1
      -1       1       1      -1      -1       1       1      -1       1      -1
      -1       1       1      -1      -1       1      -1       1       1      -1
      -1       1       1      -1       1      -1      -1       1       1      -1
      -1       1      -1       1       1      -1      -1       1       1      -1
       1      -1      -1       1
.MATRIX 17 0 64 1
       1       1       1       1       1       1       1       1       1       1
       1       1       1       1       1       1      -1      -1      -1      -1
      -1      -1      -1      -1      -1      -1      -1      -1      -1      -1
      -1      -1       1       1       1       1       1       1       1       1
       1       1       1       1       1       1       1       1      -1      -1
      -1      -1      -1      -1      -1      -1      -1      -1      -1      -1
      -1      -1      -1      -1
.MATRIX 18 0 64 1
       1      -1       1      -1       1      -1       1      -1       1      -1
       1      -1       1      -1       1      -1      -1       1      -1       1
      -1       1      -1       1      -1       1      -1       1      -1       1
      -1       1       1      -1       1      -1       1      -1       1      -1
       1      -1       1      -1       1      -1       1      -1      -1       1
      -1       1      -1       1      -1       1      -1       1      -1       1
      -1       1      -1       1
.MATRIX 19 0 64 1
       1       1      -1      -1       1       1      -1      -1       1       1
      -1      -1       1       1      -1      -1      -1      -1       1       1
      -1      -1       1       1      -1      -1       1       1      -1      -1
       1       1       1       1      -1      -1       1       1      -1      -1
       1       1      -1      -1       1       1      -1      -1      -1      -1
       1       1      -1      -1       1       1      -1      -1       1       1
      -1      -1       1       1
.MATRIX 20 0 64 1
       1      -1      -1       1       1      -1      -1       1       1      -1
      -1       1       1      -1      -1       1      -1       1       1      -1
      -1       1       1      -1      -1       1       1      -1      -1       1
       1      -1       1      -1      -1       1       1      -1      -1       1
       1      -1      -1       1       1      -1      -1       1      -1       1
       1      -1      -1       1       1      -1      -1       1       1      -1
      -1       1       1      -1
.MATRIX 21 0 64 1
       1       1       1       1      -1      -1      -1      -1       1       1
       1       1      -1      -1      -1      -1      -1      -1      -1      -1
       1       1       1       1      -1      -1      -1      -1       1       1
       1       1       1       1       1       1      -1      -1      -1      -1
       1       1       1       1      -1      -1      -1      -1      -1      -1
      -1      -1       1       1       1       1      -1      -1      -1      -1
       1       1       1       1
.MATRIX 22 0 64 1
       1      -1       1      -1      -1       1      -1       1       1      -1
       1      -1      -1       1      -1       1      -1       1      -1       1
       1      -1       1      -1      -1       1      -1       1       1      -1
       1      -1       1      -1       1      -1      -1       1      -1       1
       1      -1       1      -1      -1       1      -1       1      -1       1
      -1       1       1      -1       1      -1      -1       1      -1       1
       1      -1       1      -1
.MATRIX 23 0 64 1
       1       1      -1      -1      -1      -1       1       1       1       1
      -1      -1      -1      -1       1       1      -1      -1       1       1
       1       1      -1      -1      -1      -1       1       1       1       1
      -1      -1       1       1      -1      -1      -1      -1       1       1
       1       1      -1      -1      -1      -1       1       1      -1      -1
       1       1       1       1      -1      -1      -1      -1       1       1
       1       1      -1      -1
.MATRIX 24 0 64 1
       1      -1      -1       1      -1       1       1      -1       1      -1
      -1       1      -1       1       1      -1      -1       1       1      -1
       1      -1      -1       1      -1       1       1      -1       1      -1
      -1       1       1      -1      -1       1      -1       1       1      -1
       1      -1      -1       1      -1       1       1      -1      -1       1
       1      -1       1      -1      -1       1      -1       1       1      -1
       1      -1      -1       1
.MATRIX 25 0 64 1
       1       1       1       1       1       1       1       1      -1      -1
      -1      -1      -1      -1      -1      -1      -1      -1      -1      -1
      -1      -1      -1      -1       1       1       1       1       1       1
       1       1       1       1       1       1       1       1       1       1
      -1      -1      -1      -1      -1      -1      -1      -1      -1      -1
      -1      -1      -1      -1      -1      -1       1       1       1       1
       1       1       1       1
.MATRIX 26 0 64 1
       1      -1       1      -1       1      -1       1      -1      -1       1
      -1       1      -1       1      -1       1      -1       1      -1       1
      -1       1      -1       1       1      -1       1      -1       1      -1
       1      -1       1      -1       1      -1       1      -1       1      -1
      -1       1      -1       1      -1       1      -1       1      -1       1
      -1       1      -1       1      -1       1       1      -1       1      -1
       1      -1       1      -1
.MATRIX 27 0 64 1
       1       1      -1      -1       1       1      -1      -1      -1      -1
       1       1      -1      -1       1       1      -1      -1       1       1
      -1      -1       1       1       1       1      -1      -1       1       1
      -1      -1       1       1      -1      -1       1       1      -1      -1
      -1      -1       1       1      -1      -1       1       1      -1      -1
       1       1      -1      -1       1       1       1       1      -1      -1
       1       1      -1      -1
.MATRIX 28 0 64 1
       1      -1      -1       1       1      -1      -1       1      -1       1
       1      -1      -1       1       1      -1      -1       1       1      -1
      -1       1       1      -1       1      -1      -1       1       1      -1
      -1       1       1      -1      -1       1       1      -1      -1       1
      -1       1       1      -1      -1       1       1      -1      -1       1
       1      -1      -1       1       1      -1       1      -1      -1       1
       1      -1      -1       1
.MATRIX 29 0 64 1
       1       1       1       1      -1      -1      -1      -1      -1      -1
      -1      -1       1       1       1       1      -1      -1      -1      -1
       1       1       1       1       1       1       1       1      -1      -1
      -1      -1       1       1       1       1      -1      -1      -1      -1
      -1      -1      -1      -1       1       1       1       1      -1      -1
      -1      -1       1       1       1       1       1       1       1       1
      -1      -1      -1      -1
.MATRIX 30 0 64 1
       1      -1       1      -1      -1       1      -1       1      -1       1
      -1       1       1      -1       1      -1      -1       1      -1       1
       1      -1       1      -1       1      -1       1      -1      -1       1
      -1       1       1      -1       1      -1      -1       1      -1       1
      -1       1      -1       1       1      -1       1      -1      -1       1
      -1       1       1      -1       1      -1       1      -1       1      -1
      -1       1      -1       1
.MATRIX 31 0 64 1
       1       1      -1      -1      -1      -1       1       1      -1      -1
       1       1       1       1      -1      -1      -1      -1       1       1
       1       1      -1      -1       1       1      -1      -1      -1      -1
       1       1       1       1      -1      -1      -1      -1       1       1
      -1      -1       1       1       1       1      -1      -1      -1      -1
       1       1       1       1      -1      -1       1       1      -1      -1
      -1      -1       1       1
.MATRIX 32 0 64 1
       1      -1      -1       1      -1       1       1      -1      -1       1
       1      -1       1      -1      -1       1      -1       1       1      -1
       1      -1      -1       1       1      -1      -1       1      -1       1
       1      -1       1      -1      -1       1      -1       1       1      -1
      -1       1       1      -1       1      -1      -1       1      -1       1
       1      -1       1      -1      -1       1       1      -1      -1       1
      -1       1       1      -1
.MATRIX 33 0 64 1
       1       1       1       1       1       1       1       1       1       1
       1       1       1       1       1       1       1       1       1       1
       1       1       1       1       1       1       1       1       1       1
       1       1      -1      -1      -1      -1      -1      -1      -1      -1
      -1      -1      -1      -1      -1      -1      -1      -1      -1      -1
      -1      -1      -1      -1      -1      -1      -1      -1      -1      -1
      -1      -1      -1      -1
.MATRIX 34 0 64 1
       1      -1       1      -1       1      -1       1      -1       1      -1
       1      -1       1      -1       1      -1       1      -1       1      -1
       1      -1       1      -1       1      -1       1      -1       1      -1
       1      -1      -1       1      -1       1      -1       1      -1       1
      -1       1      -1       1      -1       1      -1       1      -1       1
      -1       1      -1       1      -1       1      -1       1      -1       1
      -1       1      -1       1
.MATRIX 35 0 64 1
       1       1      -1      -1       1       1      -1      -1       1       1
      -1      -1       1       1      -1      -1       1       1      -1      -1
       1       1      -1      -1       1       1      -1      -1       1       1
      -1      -1      -1      -1       1       1      -1      -1       1       1
      -1      -1       1       1      -1      -1       1       1      -1      -1
       1       1      -1      -1       1       1      -1      -1       1       1
      -1      -1       1       1
.MATRIX 36 0 64 1
       1      -1      -1       1       1      -1      -1       1       1      -1
      -1       1       1      -1      -1       1       1      -1      -1       1
       1      -1      -1       1       1      -1      -1       1       1      -1
      -1       1      -1       1       1      -1      -1       1       1      -1
      -1       1       1      -1      -1       1       1      -1      -1       1
       1      -1      -1       1       1      -1      -1       1       1      -1
      -1       1       1      -1
.MATRIX 37 0 64 1
       1       1       1       1      -1      -1      -1      -1       1       1
       1       1      -1      -1      -1      -1       1       1       1       1
      -1      -1      -1      -1       1       1       1       1      -1      -1
      -1      -1      -1      -1      -1      -1       1       1       1       1
      -1      -1      -1      -1       1       1       1       1      -1      -1
      -1      -1       1       1       1       1      -1      -1      -1      -1
       1       1       1       1
.MATRIX 38 0 64 1
       1      -1       1      -1      -1       1      -1       1       1      -1
       1      -1      -1       1      -1       1       1      -1       1      -1
      -1       1      -1       1       1      -1       1      -1      -1       1
      -1       1      -1       1      -1       1       1      -1       1      -1
      -1       1      -1       1       1      -1       1      -1      -1       1
      -1       1       1      -1       1      -1      -1       1      -1       1
       1      -1       1      -1
.MATRIX 39 0 64 1
       1       1      -1      -1      -1      -1       1       1       1       1
      -1      -1      -1      -1       1       1       1       1      -1      -1
      -1      -1       1       1       1       1      -1      -1      -1      -1
       1       1      -1      -1       1       1       1       1      -1      -1
      -1      -1       1       1       1       1      -1      -1      -1      -1
       1       1       1       1      -1      -1      -1      -1       1       1
       1       1      -1      -1
.MATRIX 40 0 64 1
       1      -1      -1       1      -1       1       1      -1       1      -1
      -1       1      -1       1       1      -1       1      -1      -1       1
      -1       1       1      -1       1      -1      -1       1      -1       1
       1      -1      -1       1       1      -1       1      -1      -1       1
      -1       1       1      -1       1      -1      -1       1      -1       1
       1      -1       1      -1      -1       1      -1       1       1      -1
       1      -1      -1       1
.MATRIX 41 0 64 1
       1       1       1       1       1       1       1       1      -1      -1
      -1      -1      -1      -1      -1      -1       1       1       1       1
       1       1       1       1      -1      -1      -1      -1      -1      -1
      -1      -1      -1      -1      -1      -1      -1      -1      -1      -1
       1       1       1       1       1       1       1       1      -1      -1
      -1      -1      -1      -1      -1      -1       1       1       1       1
       1       1       1       1
.MATRIX 42 0 64 1
       1      -1       1      -1       1      -1       1      -1      -1       1
      -1       1      -1       1      -1       1       1      -1       1      -1
       1      -1       1      -1      -1       1      -1       1      -1       1
      -1       1      -1       1      -1       1      -1       1      -1       1
       1      -1       1      -1       1      -1       1      -1      -1       1
      -1       1      -1       1      -1       1       1      -1       1      -1
       1      -1       1      -1
.MATRIX 43 0 64 1
       1       1      -1      -1       1       1      -1      -1      -1      -1
       1       1      -1      -1       1       1       1       1      -1      -1
       1       1      -1      -1      -1      -1       1       1      -1      -1
       1       1      -1      -1       1       1      -1      -1       1       1
       1       1      -1      -1       1       1      -1      -1      -1      -1
       1       1      -1      -1       1       1       1       1      -1      -1
       1       1      -1      -1
.MATRIX 44 0 64 1
       1      -1      -1       1       1      -1      -1       1      -1       1
       1      -1      -1       1       1      -1       1      -1      -1       1
       1      -1      -1       1      -1       1       1      -1      -1       1
       1      -1      -1       1       1      -1      -1       1       1      -1
       1      -1      -1       1       1      -1      -1       1      -1       1
       1      -1      -1       1       1      -1       1      -1      -1       1
       1      -1      -1       1
.MATRIX 45 0 64 1
       1       1       1       1      -1      -1      -1      -1      -1      -1
      -1      -1       1       1       1       1       1       1       1       1
      -1      -1      -1      -1      -1      -1      -1      -1       1       1
       1       1      -1      -1      -1      -1       1       1       1       1
       1       1       1       1      -1      -1      -1      -1      -1      -1
      -1      -1       1       1       1       1       1       1       1       1
      -1      -1      -1      -1
.MATRIX 46 0 64 1
       1      -1       1      -1      -1       1      -1       1      -1       1
      -1       1       1      -1       1      -1       1      -1       1      -1
      -1       1      -1       1      -1       1      -1       1       1      -1
       1      -1      -1       1      -1       1       1      -1       1      -1
       1      -1       1      -1      -1       1      -1       1      -1       1
      -1       1       1      -1       1      -1       1      -1       1      -1
      -1       1      -1       1
.MATRIX 47 0 64 1
       1       1      -1      -1      -1      -1       1       1      -1      -1
       1       1       1       1      -1      -1       1       1      -1      -1
      -1      -1       1       1      -1      -1       1       1       1       1
      -1      -1      -1      -1       1       1       1       1      -1      -1
       1       1      -1      -1      -1      -1       1       1      -1      -1
       1       1       1       1      -1      -1       1       1      -1      -1
      -1      -1       1       1
.MATRIX 48 0 64 1
       1      -1      -1       1      -1       1       1      -1      -1       1
       1      -1       1      -1      -1       1       1      -1      -1       1
      -1       1       1      -1      -1       1       1      -1       1      -1
      -1       1      -1       1       1      -1       1      -1      -1       1
       1      -1      -1       1      -1       1       1      -1      -1       1
       1      -1       1      -1      -1       1       1      -1      -1       1
      -1       1       1      -1
.MATRIX 49 0 64 1
       1       1       1       1       1       1       1       1       1       1
       1       1       1       1       1       1      -1      -1      -1      -1
      -1      -1      -1      -1      -1      -1      -1      -1      -1      -1
      -1      -1      -1      -1      -1      -1      -1      -1      -1      -1
      -1      -1      -1      -1      -1      -1      -1      -1       1       1
       1       1       1       1       1       1       1       1       1       1
       1       1       1       1
.MATRIX 50 0 64 1
       1      -1       1      -1       1      -1       1      -1       1      -1
       1      -1       1      -1       1      -1      -1       1      -1       1
      -1       1      -1       1      -1       1      -1       1      -1       1
      -1       1      -1       1      -1       1      -1       1      -1       1
      -1       1      -1       1      -1       1      -1       1       1      -1
       1      -1       1      -1       1      -1       1      -1       1      -1
       1      -1       1      -1
.MATRIX 51 0 64 1
       1       1      -1      -1       1       1      -1      -1       1       1
      -1      -1       1       1      -1      -1      -1      -1       1       1
      -1      -1       1       1      -1      -1       1       1      -1      -1
       1       1      -1      -1       1       1      -1      -1       1       1
      -1      -1       1       1      -1      -1       1       1       1       1
      -1      -1       1       1      -1      -1       1       1      -1      -1
       1       1      -1      -1
.MATRIX 52 0 64 1
       1      -1      -1       1       1      -1      -1       1       1      -1
      -1       1       1      -1      -1       1      -1       1       1      -1
      -1       1       1      -1      -1       1       1      -1      -1       1
       1      -1      -1       1       1      -1      -1       1       1      -1
      -1       1       1      -1      -1       1       1      -1       1      -1
      -1       1       1      -1      -1       1       1      -1      -1       1
       1      -1      -1       1
.MATRIX 53 0 64 1
       1       1       1       1      -1      -1      -1      -1       1       1
       1       1      -1      -1      -1      -1      -1      -1      -1      -1
       1       1       1       1      -1      -1      -1      -1       1       1
       1       1      -1      -1      -1      -1       1       1       1       1
      -1      -1      -1      -1       1       1       1       1       1       1
       1       1      -1      -1      -1      -1       1       1       1       1
      -1      -1      -1      -1
.MATRIX 54 0 64 1
       1      -1       1      -1      -1       1      -1       1       1      -1
       1      -1      -1       1      -1       1      -1       1      -1       1
       1      -1       1      -1      -1       1      -1       1       1      -1
       1      -1      -1       1      -1       1       1      -1       1      -1
      -1       1      -1       1       1      -1       1      -1       1      -1
       1      -1      -1       1      -1       1       1      -1       1      -1
      -1       1      -1       1
.MATRIX 55 0 64 1
       1       1      -1      -1      -1      -1       1       1       1       1
      -1      -1      -1      -1       1       1      -1      -1       1       1
       1       1      -1      -1      -1      -1       1       1       1       1
      -1      -1      -1      -1       1       1       1       1      -1      -1
      -1      -1       1       1       1       1      -1      -1       1       1
      -1      -1      -1      -1       1       1       1       1      -1      -1
      -1      -1       1       1
.MATRIX 56 0 64 1
       1      -1      -1       1      -1       1       1      -1       1      -1
      -1       1      -1       1       1      -1      -1       1       1      -1
       1      -1      -1       1      -1       1       1      -1       1      -1
      -1       1      -1       1       1      -1       1      -1      -1       1
      -1       1       1      -1       1      -1      -1       1       1      -1
      -1       1      -1       1       1      -1       1      -1      -1       1
      -1       1       1      -1
.MATRIX 57 0 64 1
       1       1       1       1       1       1       1       1      -1      -1
      -1      -1      -1      -1      -1      -1      -1      -1      -1      -1
      -1      -1      -1      -1       1       1       1       1       1       1
       1       1      -1      -1      -1      -1      -1      -1      -1      -1
       1       1       1       1       1       1       1       1       1       1
       1       1       1       1       1       1      -1      -1      -1      -1
      -1      -1      -1      -1
.MATRIX 58 0 64 1
       1      -1       1      -1       1      -1       1      -1      -1       1
      -1       1      -1       1      -1       1      -1       1      -1       1
      -1       1      -1       1       1      -1       1      -1       1      -1
       1      -1      -1       1      -1       1      -1       1      -1       1
       1      -1       1      -1       1      -1       1      -1       1      -1
       1      -1       1      -1       1      -1      -1       1      -1       1
      -1       1      -1       1
.MATRIX 59 0 64 1
       1       1      -1      -1       1       1      -1      -1      -1      -1
       1       1      -1      -1       1       1      -1      -1       1       1
      -1      -1       1       1       1       1      -1      -1       1       1
      -1      -1      -1      -1       1       1      -1      -1       1       1
       1       1      -1      -1       1       1      -1      -1       1       1
      -1      -1       1       1      -1      -1      -1      -1       1       1
      -1      -1       1       1
.MATRIX 60 0 64 1
       1      -1      -1       1       1      -1      -1       1      -1       1
       1      -1      -1       1       1      -1      -1       1       1      -1
      -1       1       1      -1       1      -1      -1       1       1      -1
      -1       1      -1       1       1      -1      -1       1       1      -1
       1      -1      -1       1       1      -1      -1       1       1      -1
      -1       1       1      -1      -1       1      -1       1       1      -1
      -1       1       1      -1
.MATRIX 61 0 64 1
       1       1       1       1      -1      -1      -1      -1      -1      -1
      -1      -1       1       1       1       1      -1      -1      -1      -1
       1       1       1       1       1       1       1       1      -1      -1
      -1      -1      -1      -1      -1      -1       1       1       1       1
       1       1       1       1      -1      -1      -1      -1       1       1
       1       1      -1      -1      -1      -1      -1      -1      -1      -1
       1       1       1       1
.MATRIX 62 0 64 1
       1      -1       1      -1      -1       1      -1       1      -1       1
      -1       1       1      -1       1      -1      -1       1      -1       1
       1      -1       1      -1       1      -1       1      -1      -1       1
      -1       1      -1       1      -1       1       1      -1       1      -1
       1      -1       1      -1      -1       1      -1       1       1      -1
       1      -1      -1       1      -1       1      -1       1      -1       1
       1      -1       1      -1
.MATRIX 63 0 64 1
       1       1      -1      -1      -1      -1       1       1      -1      -1
       1       1       1       1      -1      -1      -1      -1       1       1
       1       1      -1      -1       1       1      -1      -1      -1      -1
       1       1      -1      -1       1       1       1       1      -1      -1
       1       1      -1      -1      -1      -1       1       1       1       1
      -1      -1      -1      -1       1       1      -1      -1       1       1
       1       1      -1      -1
.MATRIX 64 0 64 1
       1      -1      -1       1      -1       1       1      -1      -1       1
       1      -1       1      -1      -1       1      -1       1       1      -1
       1      -1      -1       1       1      -1      -1       1      -1       1
       1      -1      -1       1       1      -1       1      -1      -1       1
       1      -1      -1       1      -1       1       1      -1       1      -1
      -1       1      -1       1       1      -1      -1       1       1      -1
       1      -1      -1       1