       0       0       0       0       0       0       0       0       0       0       0
       0   30.07   30.07   30.07   30.07   30.07   30.07   30.07   30.07   30.07   30.07
       0   24.05   24.05   24.05   24.05   24.05   24.05   24.05   24.05   24.05   24.05
       0   20.53   20.53   20.53   20.53   20.53   20.53   20.53   20.53   20.53   20.53
       0   18.03   18.03   18.03   18.03   18.03   18.03   18.03   18.03   18.03   18.03
       0   16.09   16.09   16.09   16.09   16.09   16.09   16.09   16.09   16.09   16.09
       0   14.51   14.51   14.51   14.51   14.51   14.51   14.51   14.51   14.51   14.51
       0   13.17   13.17   13.17   13.17   13.17   13.17   13.17   13.17   13.17   13.17
       0   12.01   12.01   12.01   12.01   12.01   12.01   12.01   12.01   12.01   12.01
       0   10.98   10.98   10.98   10.98   10.98   10.98   10.98   10.98   10.98   10.98
       0   10.07   10.07   10.07   10.07   10.07   10.07   10.07   10.07   10.07   10.07
       0   9.241   9.241   9.241   9.241   9.241   9.241   9.241   9.241   9.241   9.241
       0   8.485   8.485   8.485   8.485   8.485   8.485   8.485   8.485   8.485   8.485
       0    7.79    7.79    7.79    7.79    7.79    7.79    7.79    7.79    7.79    7.79
       0   7.146   7.146   7.146   7.146   7.146   7.146   7.146   7.146   7.146   7.146
       0   6.547   6.547   6.547   6.547   6.547   6.547   6.547   6.547   6.547   6.547
       0   5.987   5.987   5.987   5.987   5.987   5.987   5.987   5.987   5.987   5.987
       0    5.46    5.46    5.46    5.46    5.46    5.46    5.46    5.46    5.46    5.46
       0   4.964   4.964   4.964   4.964   4.964   4.964   4.964   4.964   4.964   4.964
       0   4.494   4.494   4.494   4.494   4.494   4.494   4.494   4.494   4.494   4.494
       0   4.048   4.048   4.048   4.048   4.048   4.048   4.048   4.048   4.048   4.048
