       0       0       0       0       0       0       0       0       0       0       0
       0   62.57   61.97    62.3   62.36   62.55   61.94    62.9   62.31   62.77   62.58
       0   56.55   55.95   56.28   56.34   56.53   55.92   56.88   56.29   56.75   56.56
       0   53.02   52.43   52.75   52.82      53    52.4   53.36   52.77   53.23   53.03
       0   50.52   49.93   50.25   50.32   50.51    49.9   50.86   50.27   50.73   50.54
       0   48.59   47.99   48.32   48.38   48.57   47.96   48.92   48.33   48.79    48.6
       0      47   46.41   46.73    46.8   46.98   46.38   47.34   46.75   47.21   47.01
       0   45.66   45.07   45.39   45.46   45.64   45.04      46   45.41   45.87   45.67
       0    44.5   43.91   44.23    44.3   44.49   43.88   44.84   44.25   44.71   44.51
       0   43.48   42.89   43.21   43.27   43.46   42.86   43.82   43.23   43.69   43.49
       0   42.57   41.97    42.3   42.36   42.55   41.94    42.9   42.31   42.77   42.58
       0   41.74   41.14   41.47   41.53   41.72   41.11   42.07   41.49   41.95   41.75
       0   40.98   40.39   40.71   40.78   40.96   40.36   41.32   40.73   41.19   40.99
       0   40.29   39.69   40.02   40.08   40.27   39.66   40.62   40.03    40.5    40.3
       0   39.64   39.05   39.37   39.44   39.62   39.02   39.98   39.39   39.85   39.65
       0   39.04   38.45   38.77   38.84   39.02   38.42   39.38   38.79   39.25   39.05
       0   38.48   37.89   38.21   38.28   38.46   37.86   38.82   38.23   38.69   38.49
       0   37.96   37.36   37.69   37.75   37.94   37.33   38.29    37.7   38.17   37.97
       0   37.46   36.87   37.19   37.25   37.44   36.84   37.79   37.21   37.67   37.47
       0   36.99    36.4   36.72   36.78   36.97   36.37   37.33   36.74    37.2      37
       0   36.55   35.95   36.28   36.34   36.53   35.92   36.88   36.29   36.75   36.56
