       0       0       0       0       0       0       0       0       0       0       0
       0   0.467  0.5734  0.5304  0.6418  0.5402   0.525  0.5371  0.3889  0.5231   0.485
       0   0.467  0.5734  0.5304  0.6418  0.5402   0.525  0.5371  0.3889  0.5231   0.485
       0   0.467  0.5734  0.5304  0.6418  0.5402   0.525  0.5371  0.3889  0.5231   0.485
       0   0.467  0.5734  0.5304  0.6418  0.5402   0.525  0.5371  0.3889  0.5231   0.485
       0   0.467  0.5734  0.5304  0.6418  0.5402   0.525  0.5371  0.3889  0.5231   0.485
       0   0.467  0.5734  0.5304  0.6418  0.5402   0.525  0.5371  0.3889  0.5231   0.485
       0   0.467  0.5734  0.5304  0.6418  0.5402   0.525  0.5371  0.3889  0.5231   0.485
       0   0.467  0.5734  0.5304  0.6418  0.5402   0.525  0.5371  0.3889  0.5231   0.485
       0   0.467  0.5734  0.5304  0.6418  0.5402   0.525  0.5371  0.3889  0.5231   0.485
       0   0.467  0.5734  0.5304  0.6418  0.5402   0.525  0.5371  0.3889  0.5231   0.485
       0   0.467  0.5734  0.5304  0.6418  0.5402   0.525  0.5371  0.3889  0.5231   0.485
       0   0.467  0.5734  0.5304  0.6418  0.5402   0.525  0.5371  0.3889  0.5231   0.485
       0   0.467  0.5734  0.5304  0.6418  0.5402   0.525  0.5371  0.3889  0.5231   0.485
       0   0.467  0.5734  0.5304  0.6418  0.5402   0.525  0.5371  0.3889  0.5231   0.485
       0   0.467  0.5734  0.5304  0.6418  0.5402   0.525  0.5371  0.3889  0.5231   0.485
       0   0.467  0.5734  0.5304  0.6418  0.5402   0.525  0.5371  0.3889  0.5231   0.485
       0   0.467  0.5734  0.5304  0.6418  0.5402   0.525  0.5371  0.3889  0.5231   0.485
       0   0.467  0.5734  0.5304  0.6418  0.5402   0.525  0.5371  0.3889  0.5231   0.485
       0   0.467  0.5734  0.5304  0.6418  0.5402   0.525  0.5371  0.3889  0.5231   0.485
       0   0.467  0.5734  0.5304  0.6418  0.5402   0.525  0.5371  0.3889  0.5231   0.485
