       0       0       0       0       0       0       0       0       0       0       0
       0 0.03602  0.0413 0.03833 0.03777 0.03617 0.04158 0.03335 0.03817 0.03433 0.03593
       0  0.1441  0.1652  0.1533  0.1511  0.1447  0.1663  0.1334  0.1527  0.1373  0.1437
       0  0.3241  0.3717  0.3449  0.3399  0.3256  0.3742  0.3001  0.3436   0.309  0.3233
       0  0.5763  0.6607  0.6132  0.6043  0.5788  0.6653  0.5336  0.6108  0.5492  0.5748
       0  0.9004   1.032  0.9581  0.9442  0.9044    1.04  0.8337  0.9543  0.8582  0.8982
       0   1.297   1.487    1.38    1.36   1.302   1.497     1.2   1.374   1.236   1.293
       0   1.765   2.023   1.878   1.851   1.773   2.038   1.634    1.87   1.682    1.76
       0   2.305   2.643   2.453   2.417   2.315   2.661   2.134   2.443   2.197   2.299
       0   2.917   3.345   3.104   3.059    2.93   3.368   2.701   3.092   2.781    2.91
       0   3.602    4.13   3.833   3.777   3.617   4.158   3.335   3.817   3.433   3.593
       0   4.358   4.997   4.637    4.57   4.377   5.032   4.035   4.619   4.154   4.347
       0   5.186   5.947   5.519   5.439   5.209   5.988   4.802   5.497   4.943   5.174
       0   6.087   6.979   6.477   6.383   6.113   7.028   5.636   6.451   5.801   6.072
       0   7.059   8.094   7.512   7.403    7.09    8.15   6.536   7.482   6.728   7.042
       0   8.104   9.291   8.623   8.498   8.139   9.356   7.503   8.589   7.724   8.084
       0    9.22   10.57   9.811   9.669   9.261   10.65   8.537   9.772   8.788   9.197
       0   10.41   11.93   11.08   10.91   10.45   12.02   9.637   11.03   9.921   10.38
       0   11.67   13.38   12.42   12.24   11.72   13.47    10.8   12.37   11.12   11.64
       0      13   14.91   13.84   13.63   13.06   15.01   12.04   13.78   12.39   12.97
       0   14.41   16.52   15.33   15.11   14.47   16.63   13.34   15.27   13.73   14.37
