       0       0       0       0       0       0       0       0       0       0       0
       0  -56.57  -55.97   -56.3  -56.36  -56.55  -55.94   -56.9  -56.31  -56.78  -56.58
       0  -50.55  -49.95  -50.28  -50.34  -50.53  -49.92  -50.88  -50.29  -50.75  -50.56
       0  -47.02  -46.43  -46.75  -46.82  -47.01   -46.4  -47.36  -46.77  -47.23  -47.04
       0  -44.53  -43.93  -44.26  -44.32  -44.51   -43.9  -44.86  -44.27  -44.73  -44.54
       0  -42.59  -41.99  -42.32  -42.38  -42.57  -41.96  -42.92  -42.34   -42.8   -42.6
       0     -41  -40.41  -40.73   -40.8  -40.98  -40.38  -41.34  -40.75  -41.21  -41.01
       0  -39.67  -39.07   -39.4  -39.46  -39.65  -39.04     -40  -39.41  -39.87  -39.68
       0  -38.51  -37.91  -38.24   -38.3  -38.49  -37.88  -38.84  -38.25  -38.71  -38.52
       0  -37.48  -36.89  -37.21  -37.28  -37.46  -36.86  -37.82  -37.23  -37.69  -37.49
       0  -36.57  -35.97   -36.3  -36.36  -36.55  -35.94   -36.9  -36.31  -36.78  -36.58
       0  -35.74  -35.15  -35.47  -35.53  -35.72  -35.11  -36.07  -35.49  -35.95  -35.75
       0  -34.98  -34.39  -34.71  -34.78  -34.96  -34.36  -35.32  -34.73  -35.19  -34.99
       0  -34.29  -33.69  -34.02  -34.08  -34.27  -33.66  -34.62  -34.04   -34.5   -34.3
       0  -33.64  -33.05  -33.37  -33.44  -33.63  -33.02  -33.98  -33.39  -33.85  -33.66
       0  -33.05  -32.45  -32.78  -32.84  -33.03  -32.42  -33.38  -32.79  -33.25  -33.06
       0  -32.48  -31.89  -32.21  -32.28  -32.47  -31.86  -32.82  -32.23  -32.69   -32.5
       0  -31.96  -31.36  -31.69  -31.75  -31.94  -31.33  -32.29  -31.71  -32.17  -31.97
       0  -31.46  -30.87  -31.19  -31.26  -31.44  -30.84   -31.8  -31.21  -31.67  -31.47
       0  -30.99   -30.4  -30.72  -30.79  -30.97  -30.37  -31.33  -30.74   -31.2     -31
       0  -30.55  -29.95  -30.28  -30.34  -30.53  -29.92  -30.88  -30.29  -30.75  -30.56
